0.0071558 0.010116 0.0045952 0.004076 0.95846 0.0017215 0.0017215 0.0037623 0.0083896
0.0070284 0.012797 0.0079645 0.005271 0.94689 0.0021761 0.0021761 0.0054517 0.010242
0.0076887 0.023031 0.0065034 0.0056687 0.93592 0.0023751 0.0023751 0.0059356 0.010501
0.0073265 0.02133 0.0066863 0.0056763 0.93773 0.0023749 0.0023749 0.0063994 0.010099
0.0070633 0.013838 0.0074884 0.0055201 0.94239 0.0022972 0.0022972 0.0054818 0.013625
0.009979 0.024214 0.0082771 0.00726 0.91847 0.0030011 0.0030011 0.0072306 0.018567
0.0096775 0.016941 0.0087447 0.0068012 0.92584 0.0028347 0.0028347 0.0072727 0.019053
0.0087739 0.015041 0.010177 0.006796 0.93004 0.0027698 0.0027698 0.0076181 0.016016
0.0061322 0.010536 0.0058669 0.0044417 0.95487 0.0018631 0.0018631 0.0037728 0.010656
0.0056722 0.011345 0.0049264 0.0045365 0.95378 0.0018986 0.0018986 0.0041527 0.011791
0.0067627 0.019819 0.0061287 0.0054219 0.93961 0.0022743 0.0022743 0.0050701 0.012642
0.0054129 0.010924 0.004302 0.0040679 0.95943 0.0016977 0.0016977 0.003634 0.0088295
0.005656 0.010884 0.004284 0.0039196 0.96041 0.00165 0.00165 0.0032694 0.0082754
0.0049834 0.010256 0.0042182 0.0037967 0.96231 0.0015984 0.0015984 0.003596 0.0076411
0.0052398 0.011504 0.0041024 0.003848 0.96156 0.00159 0.00159 0.0032118 0.0073548
0.0053929 0.01195 0.0045568 0.004102 0.95812 0.001726 0.001726 0.0036472 0.0087764
0.0069571 0.011308 0.00554 0.0050242 0.94816 0.0020969 0.0020969 0.0046995 0.014114
0.005328 0.0090015 0.0044495 0.0039641 0.96113 0.001665 0.001665 0.0034566 0.009337
0.0054644 0.010318 0.0042464 0.0040194 0.95943 0.0016859 0.0016859 0.0034742 0.0096799
0.0043601 0.0083623 0.0037226 0.003491 0.96581 0.0014703 0.0014703 0.0028857 0.0084235
0.0044722 0.0091065 0.0041247 0.0036033 0.96399 0.0015231 0.0015231 0.0029954 0.0086617
0.0041264 0.0079151 0.0035434 0.0032609 0.96871 0.0013823 0.0013823 0.0031816 0.0064981
0.0043034 0.0074946 0.0037145 0.0035238 0.96613 0.0014756 0.0014756 0.0032827 0.0085953
0.0055839 0.011523 0.004578 0.0041976 0.95741 0.0017678 0.0017678 0.0037503 0.0094168
0.0046946 0.010658 0.0040903 0.0038238 0.96154 0.0016048 0.0016048 0.0034266 0.008554
0.0048126 0.011894 0.0039722 0.0038137 0.96144 0.0015768 0.0015768 0.0033625 0.0075538
0.0051658 0.0084835 0.0039491 0.0035375 0.96574 0.0014933 0.0014933 0.003195 0.0069385
0.0058825 0.012268 0.0046758 0.0042002 0.95713 0.0017752 0.0017752 0.0037996 0.0084984
0.0049031 0.009706 0.0041447 0.0035388 0.96528 0.0014964 0.0014964 0.0031818 0.0062564
0.0051046 0.010648 0.0044434 0.0039536 0.96064 0.0016748 0.0016748 0.0036743 0.0081865
0.0064698 0.011428 0.0053441 0.0047934 0.95103 0.0020174 0.0020174 0.0047068 0.01219
0.0040673 0.008498 0.0034536 0.0031392 0.9695 0.0013325 0.0013325 0.0026913 0.0059831
0.007028 0.013341 0.0053773 0.0050346 0.94842 0.00211 0.00211 0.0047495 0.011827
0.0039877 0.0079911 0.0033582 0.0030835 0.97016 0.0013067 0.0013067 0.0026991 0.0061039
0.0049546 0.011313 0.004345 0.0039409 0.96117 0.0016278 0.0016278 0.0032938 0.0077299
0.0079467 0.038646 0.0069028 0.0063104 0.91734 0.0026485 0.0026485 0.0056592 0.011897
0.019181 0.36886 0.016863 0.015022 0.51988 0.0062968 0.0062968 0.012244 0.035352
0.014007 0.71287 0.013144 0.011955 0.20683 0.0049001 0.0049001 0.0094305 0.021969
0.01492 0.77727 0.012325 0.012522 0.14434 0.0048457 0.0048457 0.0098001 0.01913
0.015884 0.11152 0.013408 0.011629 0.80362 0.0045505 0.0045505 0.0086918 0.02614
0.022271 0.023857 0.0091186 0.0077568 0.90773 0.0032489 0.0032489 0.0068134 0.015955
0.12816 0.041087 0.01902 0.016833 0.72756 0.0082186 0.0082186 0.015838 0.03506
0.43811 0.057084 0.047052 0.035196 0.21052 0.035155 0.035155 0.042208 0.099518
0.37729 0.050949 0.055198 0.035864 0.30854 0.034876 0.034876 0.047107 0.055302
0.3156 0.053195 0.04628 0.035473 0.37113 0.035142 0.035142 0.042348 0.065689
0.039835 0.32037 0.044261 0.026431 0.44926 0.016964 0.016964 0.027779 0.05814
0.013801 0.82186 0.014492 0.011705 0.09705 0.0060986 0.0060986 0.010395 0.018497
0.0078909 0.9183 0.0075126 0.0067746 0.037126 0.0032239 0.0032239 0.0057908 0.010153
0.0067905 0.93721 0.0061523 0.0060808 0.02501 0.0024929 0.0024929 0.0047771 0.0089975
0.0055936 0.9495 0.005184 0.0046452 0.01924 0.0019822 0.0019822 0.0038802 0.007996
0.0057295 0.94622 0.0051128 0.0054424 0.022139 0.0019936 0.0019936 0.0040029 0.0073686
0.0053279 0.95146 0.0048951 0.0046331 0.018293 0.0018669 0.0018669 0.0037778 0.0078816
0.007003 0.92601 0.0067006 0.0063517 0.032299 0.0024822 0.0024822 0.0049296 0.011737
0.015301 0.74914 0.015182 0.013761 0.1584 0.0054273 0.0054273 0.010707 0.026654
0.0099218 0.87734 0.008941 0.0080829 0.066988 0.003309 0.003309 0.0065287 0.015583
0.012025 0.82508 0.011 0.010563 0.10618 0.0041824 0.0041824 0.0084256 0.018364
0.011276 0.86243 0.0098098 0.01208 0.073408 0.0037634 0.0037634 0.0073167 0.016154
0.016324 0.70202 0.014168 0.014478 0.19807 0.005476 0.005476 0.011137 0.032849
0.018231 0.65174 0.016968 0.014347 0.24496 0.0056994 0.0056994 0.011524 0.030831
0.02255 0.37082 0.018802 0.017514 0.50892 0.0065255 0.0065255 0.013519 0.034815
0.019953 0.45074 0.017875 0.013505 0.4456 0.005851 0.005851 0.01173 0.028889
0.0068929 0.024833 0.0066896 0.0052565 0.93564 0.0022392 0.0022392 0.0051732 0.011032
0.022712 0.017792 0.010021 0.008834 0.89989 0.0036024 0.0036024 0.007588 0.025963
0.0073924 0.0083647 0.0051124 0.0044228 0.95595 0.0018597 0.0018597 0.0043266 0.010716
0.015231 0.012592 0.0069835 0.0060758 0.93322 0.0025614 0.0025614 0.0054857 0.015292
0.0058507 0.0087901 0.0044735 0.0040591 0.95923 0.0017189 0.0017189 0.0041924 0.0099662
0.0063397 0.010123 0.0053243 0.0046923 0.95134 0.0019858 0.0019858 0.005085 0.013128
0.0053168 0.0087412 0.0051915 0.0042245 0.95734 0.0017863 0.0017863 0.0037236 0.011887
0.0061836 0.012597 0.0059164 0.0051313 0.94586 0.0021393 0.0021393 0.0057069 0.014323
0.0050099 0.0093364 0.0046888 0.0038691 0.96023 0.0016641 0.0016641 0.0034917 0.010046
0.0044078 0.0083763 0.0040662 0.0036145 0.96457 0.0015178 0.0015178 0.0032656 0.0086682
0.0053223 0.0097224 0.0044938 0.0041908 0.95843 0.0017349 0.0017349 0.0037211 0.010652
0.0052697 0.009127 0.0049364 0.0039749 0.96076 0.0016649 0.0016649 0.0036127 0.0089902
0.0068243 0.01775 0.0059095 0.0054223 0.94139 0.0022551 0.0022551 0.0046658 0.013528
0.0056404 0.010165 0.0047867 0.004328 0.9563 0.0018219 0.0018219 0.0039082 0.01123
0.0055696 0.0078638 0.0046949 0.0040544 0.95999 0.0017137 0.0017137 0.0039021 0.010497
0.0071206 0.0092326 0.0047527 0.0042715 0.95738 0.0018057 0.0018057 0.003717 0.0099098
0.0051739 0.0083613 0.0041961 0.0035943 0.96477 0.0015201 0.0015201 0.0030453 0.0078237
0.0077433 0.0094102 0.0049207 0.0043941 0.95641 0.0018477 0.0018477 0.0038904 0.0095358
0.0080654 0.0099367 0.0053502 0.0046042 0.95379 0.0019399 0.0019399 0.0043217 0.010057
0.010913 0.014386 0.0065703 0.0059274 0.93641 0.0025016 0.0025016 0.005344 0.015451
0.0067614 0.012431 0.0053115 0.0046908 0.95187 0.001983 0.001983 0.004144 0.010828
0.0075645 0.023183 0.0064197 0.0056705 0.9336 0.0024202 0.0024202 0.0047625 0.013958
0.004866 0.0094995 0.0038684 0.0036176 0.96388 0.0015366 0.0015366 0.0032753 0.0079222
0.0053419 0.010128 0.00461 0.0042427 0.9573 0.0017715 0.0017715 0.0040047 0.010828
0.0055497 0.011485 0.0044423 0.0040022 0.95993 0.0016811 0.0016811 0.003761 0.0074679
0.0054668 0.94828 0.0051352 0.0046742 0.020905 0.0020221 0.0020221 0.0038955 0.0076005
0.0081788 0.028318 0.0068822 0.0059301 0.92697 0.0025106 0.0025106 0.0050196 0.013683
0.013876 0.80608 0.014343 0.01255 0.108 0.0077726 0.0077726 0.011642 0.017963
0.0063918 0.93991 0.0059105 0.0060196 0.023362 0.0022229 0.0022229 0.0045475 0.0094118
0.0061758 0.011214 0.0063359 0.0046315 0.95377 0.0019344 0.0019344 0.0055034 0.0085031
0.0061809 0.012341 0.0046711 0.0045025 0.95285 0.0018868 0.0018868 0.0037804 0.011899
0.0048395 0.0073992 0.0038156 0.0033161 0.96861 0.0013992 0.0013992 0.003083 0.0061365
0.006541 0.025292 0.0059787 0.0052469 0.93782 0.0022065 0.0022065 0.0044597 0.010247
0.0065544 0.016262 0.005912 0.0049734 0.94622 0.0021015 0.0021015 0.0043017 0.011577
0.0078079 0.015156 0.0074004 0.0058952 0.93801 0.0024093 0.0024093 0.0054461 0.015466
0.0065131 0.017131 0.005577 0.0051108 0.94497 0.0021289 0.0021289 0.0045787 0.011861
0.021324 0.57115 0.017544 0.015803 0.32019 0.0063877 0.0063877 0.012524 0.028685
0.0086626 0.016005 0.010085 0.0064044 0.93162 0.0026839 0.0026839 0.0069467 0.014903
0.0081012 0.014673 0.0079417 0.0061291 0.93775 0.0024903 0.0024903 0.0068992 0.013521
0.0064827 0.010629 0.0054389 0.0047612 0.95107 0.001993 0.001993 0.0045873 0.013042
0.0044552 0.0094023 0.003852 0.0035332 0.9652 0.0014891 0.0014891 0.0030196 0.0075561
0.0060122 0.010911 0.0045236 0.004343 0.95596 0.0018268 0.0018268 0.0041379 0.010458
0.0051785 0.013358 0.0044343 0.004024 0.95852 0.001689 0.001689 0.0035424 0.0075602
0.012925 0.82704 0.011703 0.010244 0.1025 0.0042796 0.0042796 0.0086525 0.018372
0.004904 0.95487 0.0044305 0.0043037 0.017755 0.0018465 0.0018465 0.0036496 0.0063962
0.010053 0.87465 0.0094338 0.0091575 0.0651 0.0035409 0.0035409 0.0073074 0.017212
0.01685 0.63309 0.014311 0.012802 0.27609 0.0052232 0.0052232 0.010315 0.0261
0.42365 0.036335 0.024229 0.019309 0.42317 0.010595 0.010595 0.020032 0.032092
0.01047 0.87959 0.0099856 0.0097884 0.056556 0.0036244 0.0036244 0.0074127 0.018947
0.0091839 0.013228 0.0065213 0.0056924 0.93795 0.0024188 0.0024188 0.0059381 0.016645
0.029388 0.19558 0.025988 0.024431 0.62345 0.023067 0.023067 0.024191 0.030836
0.015026 0.86241 0.013065 0.011855 0.054065 0.0083607 0.0083607 0.011416 0.015446
0.0071072 0.93139 0.0066726 0.0063909 0.027239 0.0035118 0.0035118 0.005565 0.0086123
0.0073304 0.92585 0.0062266 0.0058714 0.03566 0.0024544 0.0024544 0.0048258 0.009327
0.0069155 0.93205 0.0062507 0.0059762 0.029924 0.002414 0.002414 0.0047455 0.0093082
0.0067443 0.93544 0.0061132 0.0060461 0.026818 0.0023003 0.0023003 0.0047285 0.0095114
0.0086793 0.02687 0.0067149 0.0062289 0.92497 0.0026184 0.0026184 0.0051938 0.016106
0.0043017 0.0099051 0.0038664 0.0034688 0.9656 0.0014601 0.0014601 0.0029682 0.0069695
0.0062203 0.011742 0.004639 0.0044455 0.95413 0.001874 0.001874 0.0039348 0.011137
0.3483 0.044903 0.034003 0.031692 0.39196 0.030785 0.030785 0.035415 0.052162
0.0052754 0.0096803 0.0042126 0.0039766 0.95993 0.0016707 0.0016707 0.0033333 0.010253
0.0048432 0.0094877 0.0038478 0.0033827 0.96658 0.0014276 0.0014276 0.0029554 0.0060467
0.0071651 0.93231 0.0064234 0.0060796 0.028367 0.0027084 0.0027084 0.0049521 0.0092814
0.0077307 0.020042 0.0065254 0.0057851 0.93608 0.0024424 0.0024424 0.005566 0.013385
0.0044774 0.0087391 0.0038689 0.0035611 0.96503 0.0015048 0.0015048 0.0032349 0.0080783
0.0045544 0.0082612 0.0037567 0.003388 0.96712 0.0014247 0.0014247 0.003353 0.006719
0.0054969 0.94769 0.005069 0.0047632 0.021244 0.0019695 0.0019695 0.0039036 0.0078936
0.0053607 0.95233 0.004797 0.0048279 0.017018 0.0018501 0.0018501 0.0037384 0.008227
0.017923 0.55375 0.017478 0.014638 0.34306 0.0058146 0.0058146 0.01174 0.029784
0.013064 0.049383 0.010116 0.0087013 0.87838 0.0036528 0.0036528 0.0078006 0.025253
0.0047336 0.0099461 0.0042034 0.0037653 0.96212 0.0015822 0.0015822 0.0032796 0.0087875
0.0047567 0.0097991 0.0038863 0.0036652 0.9639 0.0015349 0.0015349 0.0033107 0.0076129
0.0075584 0.92553 0.0068305 0.0061629 0.032213 0.002612 0.002612 0.0051393 0.011344
0.19403 0.043941 0.020939 0.019346 0.64285 0.0094392 0.0094392 0.017141 0.042871
0.016726 0.55523 0.016529 0.01402 0.34382 0.0057324 0.0057324 0.011216 0.030988
0.0085389 0.014375 0.010469 0.006395 0.93248 0.0026679 0.0026679 0.0072709 0.015133
0.0065188 0.014047 0.005398 0.0049242 0.94934 0.0020342 0.0020342 0.0049562 0.01075
0.0046129 0.0093024 0.0039547 0.0035502 0.96513 0.0014905 0.0014905 0.0030882 0.0073806
0.010668 0.85484 0.0096515 0.0088977 0.083015 0.0036828 0.0036828 0.007707 0.01786
0.0058405 0.94363 0.0053555 0.0051018 0.023346 0.0020712 0.0020712 0.0041102 0.0084701
0.1885 0.047934 0.019768 0.018497 0.6437 0.0092275 0.0092275 0.020079 0.043068
0.0045201 0.0086535 0.0039275 0.0034198 0.96604 0.0014485 0.0014485 0.0029832 0.0075615
0.0068494 0.0087342 0.0052116 0.0045036 0.95512 0.0019087 0.0019087 0.004928 0.010834
0.01276 0.84638 0.0099922 0.0086413 0.091865 0.0037451 0.0037451 0.0074763 0.015399
0.054637 0.15017 0.033004 0.040163 0.58924 0.029281 0.029281 0.03037 0.043854
0.010145 0.030377 0.0096869 0.0074555 0.90755 0.003215 0.003215 0.0066274 0.021728
0.0047678 0.95743 0.0042072 0.0039813 0.016698 0.0016495 0.0016495 0.0032732 0.0063477
0.02099 0.15053 0.017864 0.015395 0.71496 0.0062631 0.0062631 0.012334 0.055407
0.020725 0.1395 0.017681 0.01573 0.73612 0.0061774 0.0061774 0.013847 0.044041
0.0064871 0.011509 0.0048983 0.0045722 0.95226 0.0019367 0.0019367 0.0037769 0.012628
0.0046802 0.0087373 0.003985 0.0036308 0.96446 0.0015246 0.0015246 0.0032722 0.0081816
0.0066297 0.94106 0.0063275 0.0060284 0.018679 0.0036534 0.0036534 0.0054853 0.0084792
0.0074785 0.0088788 0.0054113 0.0045133 0.95517 0.001901 0.001901 0.0046337 0.010107
0.0046825 0.0098708 0.0045519 0.0038201 0.96171 0.0016018 0.0016018 0.0031667 0.0089989
0.0068069 0.0097349 0.0052221 0.0044554 0.95459 0.0018806 0.0018806 0.0038373 0.011597
0.0062445 0.025185 0.0054807 0.0049741 0.94102 0.0020858 0.0020858 0.0041512 0.0087703
0.011896 0.88617 0.011986 0.011899 0.031612 0.011489 0.011489 0.011654 0.011805
0.0098269 0.89152 0.0095629 0.0093961 0.045317 0.0034096 0.0034096 0.0071773 0.020377
0.015911 0.60388 0.014791 0.01373 0.30414 0.0054291 0.0054291 0.010348 0.026339
0.0057025 0.011081 0.006244 0.0045133 0.95367 0.0019066 0.0019066 0.004421 0.010557
0.0053772 0.011038 0.0044065 0.0039771 0.96027 0.0016709 0.0016709 0.0039535 0.0076349
0.0040896 0.0097189 0.0035298 0.0032349 0.96773 0.0013776 0.0013776 0.0026899 0.0062546
0.014014 0.76498 0.013545 0.011576 0.14841 0.0047138 0.0047138 0.009159 0.028891
0.017865 0.20335 0.01565 0.012739 0.70316 0.0052563 0.0052563 0.010347 0.026381
0.0043242 0.0075863 0.0037708 0.0035495 0.96431 0.0014977 0.0014977 0.0029236 0.010536
0.029455 0.22346 0.017974 0.018042 0.64538 0.0068503 0.0068503 0.016621 0.035373
0.01079 0.89733 0.011105 0.010795 0.026629 0.010575 0.010575 0.01082 0.011387
0.0059479 0.012797 0.0051857 0.0048697 0.95032 0.0020023 0.0020023 0.0044079 0.012467
0.0048533 0.010083 0.0040421 0.0037656 0.96297 0.0015792 0.0015792 0.0032267 0.0078984
0.0052535 0.95088 0.0047256 0.0042911 0.020179 0.0018403 0.0018403 0.0037596 0.0072349
0.37025 0.044167 0.034307 0.031055 0.37821 0.030242 0.030242 0.033912 0.047616
0.0079359 0.9127 0.0072528 0.0069398 0.039608 0.0027824 0.0027824 0.005523 0.014474
0.0052381 0.0082854 0.0048904 0.0040181 0.96039 0.0017004 0.0017004 0.0039831 0.0097903
0.006012 0.010421 0.0045281 0.0041855 0.95812 0.0017519 0.0017519 0.0036676 0.0095668
0.0064167 0.01444 0.0053136 0.0057283 0.94929 0.0020614 0.0020614 0.0042977 0.010389
0.0052695 0.0083227 0.0041132 0.0036525 0.96477 0.0015411 0.0015411 0.0036392 0.0071553
0.014902 0.76799 0.013581 0.012624 0.13946 0.0051302 0.0051302 0.010207 0.030976
0.0076686 0.019698 0.0070987 0.0061194 0.92752 0.0026008 0.0026008 0.0059688 0.020721
0.0051068 0.010546 0.004349 0.0039906 0.96075 0.0016504 0.0016504 0.0035734 0.0083781
0.0056983 0.94677 0.0051142 0.0049507 0.020963 0.0020913 0.0020913 0.004096 0.0082266
0.0051058 0.0084327 0.0053626 0.0041794 0.95898 0.0017317 0.0017317 0.0036472 0.010824
0.0057544 0.94766 0.0051599 0.0047395 0.02105 0.0019754 0.0019754 0.0039349 0.0077531
0.0076543 0.92243 0.007063 0.0060524 0.034282 0.0025781 0.0025781 0.0054062 0.011954
0.012035 0.83088 0.011496 0.010926 0.087648 0.0043026 0.0043026 0.0083711 0.030034
0.022051 0.28544 0.018367 0.015819 0.59634 0.0063276 0.0063276 0.012645 0.036686
0.0071728 0.012658 0.007196 0.0055187 0.94312 0.0022887 0.0022887 0.0064297 0.01333
0.0049898 0.011337 0.0042659 0.0039405 0.9603 0.00166 0.00166 0.0037483 0.0081005
0.0047164 0.95905 0.0043478 0.0039063 0.014235 0.0016694 0.0016694 0.0032926 0.0071105
0.0069232 0.018696 0.0061215 0.0052346 0.94166 0.0022188 0.0022188 0.0045864 0.012343
0.006023 0.0099317 0.0044164 0.0040466 0.96013 0.0016954 0.0016954 0.0037651 0.0082992
0.0062163 0.010063 0.0046933 0.0044923 0.9546 0.0018861 0.0018861 0.0042678 0.011899
0.0063738 0.010833 0.0045507 0.0043171 0.95583 0.0018203 0.0018203 0.0040571 0.010399
0.0042386 0.0074732 0.0035903 0.0033342 0.96804 0.0014029 0.0014029 0.0030573 0.007464
0.0046397 0.010149 0.0041778 0.0037024 0.96349 0.0015671 0.0015671 0.0033511 0.0073547
0.0066881 0.92417 0.0070993 0.0055775 0.037511 0.0023807 0.0023807 0.0048038 0.009392
0.011804 0.88621 0.012171 0.012442 0.028203 0.011727 0.011727 0.01272 0.012997
0.0055086 0.95207 0.0049128 0.0044543 0.017764 0.0020842 0.0020842 0.0039339 0.0071883
0.0056301 0.94812 0.0051289 0.0050418 0.019988 0.0019775 0.0019775 0.0038097 0.008331
0.02137 0.35443 0.01681 0.015289 0.5283 0.0064193 0.0064193 0.01324 0.037727
0.0087709 0.025062 0.0073285 0.0063611 0.9241 0.0026801 0.0026801 0.0058606 0.017157
0.0096485 0.016157 0.011028 0.0070292 0.92372 0.0028962 0.0028962 0.0066471 0.019974
0.0058012 0.010382 0.0051353 0.0046111 0.95339 0.0019411 0.0019411 0.0045924 0.012208
0.0045906 0.0092809 0.0041814 0.0037243 0.96325 0.0015729 0.0015729 0.0032393 0.0085834
0.0088352 0.91564 0.0093028 0.0098933 0.020284 0.0088739 0.0088739 0.0091504 0.0091502
0.016379 0.011532 0.0067079 0.0059563 0.93525 0.0025106 0.0025106 0.0056 0.013551
0.013129 0.057869 0.010663 0.0092629 0.86776 0.0038249 0.0038249 0.0075586 0.026111
0.0070768 0.01205 0.0080877 0.0050442 0.949 0.0020964 0.0020964 0.0048633 0.0096831
0.0073272 0.018256 0.007747 0.0058327 0.93739 0.0024191 0.0024191 0.0053689 0.013241
0.016151 0.146 0.015539 0.012968 0.75849 0.005272 0.005272 0.01183 0.028481
0.015226 0.01326 0.0070326 0.0062645 0.93148 0.0026373 0.0026373 0.00528 0.016177
0.011253 0.010894 0.0059411 0.005311 0.94434 0.002237 0.002237 0.0048396 0.01295
0.0064487 0.0094846 0.0056188 0.0047206 0.95219 0.0019992 0.0019992 0.0050799 0.012455
0.0087775 0.027482 0.0073982 0.0065436 0.92131 0.002754 0.002754 0.0057444 0.017238
0.010231 0.015582 0.011176 0.0072041 0.92043 0.002963 0.002963 0.0067006 0.022748
0.0045546 0.016115 0.0041889 0.0038374 0.95805 0.0016049 0.0016049 0.003234 0.0068083
0.0057189 0.94454 0.005194 0.0047933 0.023465 0.0020123 0.0020123 0.003992 0.0082721
0.26914 0.045548 0.019398 0.017881 0.57376 0.0074893 0.0074893 0.017128 0.042164
0.016107 0.06472 0.012783 0.011152 0.8377 0.0047278 0.0047278 0.011289 0.036791
0.021629 0.01368 0.0089378 0.007027 0.91938 0.0029678 0.0029678 0.0062913 0.017123
0.0057572 0.011113 0.0051552 0.0047407 0.95246 0.0019734 0.0019734 0.0056658 0.011163
0.0045989 0.0092287 0.0040725 0.0036661 0.96396 0.0015483 0.0015483 0.0033806 0.0079975
0.0051847 0.95446 0.0047589 0.0045573 0.015966 0.0018099 0.0018099 0.0035662 0.0078826
0.011076 0.047881 0.010146 0.00891 0.87967 0.0036409 0.0036409 0.0075184 0.027512
0.0076061 0.026404 0.0071251 0.0064907 0.92513 0.0025931 0.0025931 0.0053117 0.016749
0.013956 0.86422 0.011913 0.009283 0.06521 0.0038657 0.0038657 0.0089518 0.018739
0.012087 0.04977 0.010105 0.0088525 0.87622 0.0037229 0.0037229 0.0073418 0.028173
0.010301 0.022767 0.007878 0.0071006 0.91818 0.0029313 0.0029313 0.0058925 0.02202
0.0040842 0.0077486 0.003574 0.003253 0.96833 0.0013812 0.0013812 0.0028174 0.007434
0.0045809 0.0095047 0.003971 0.0036082 0.96439 0.0015169 0.0015169 0.0030285 0.007884
0.011985 0.85604 0.010321 0.0097311 0.078072 0.0038575 0.0038575 0.0081754 0.017964
0.0058871 0.0097699 0.0048911 0.0042991 0.95691 0.0018025 0.0018025 0.0037312 0.010911
0.0089931 0.013696 0.010604 0.0065189 0.93163 0.0027002 0.0027002 0.0072511 0.015912
0.022236 0.19269 0.01585 0.014159 0.69572 0.0058083 0.0058083 0.012045 0.035692
0.0082183 0.90442 0.0073806 0.0071758 0.049216 0.0029075 0.0029075 0.005813 0.011957
0.012298 0.81597 0.01172 0.010941 0.11291 0.0042878 0.0042878 0.0086104 0.018978
0.0053688 0.0079722 0.0046461 0.003863 0.96032 0.0016436 0.0016436 0.0033534 0.011186
0.011817 0.010864 0.0063444 0.0053276 0.94435 0.0022514 0.0022514 0.0046588 0.012135
0.0037743 0.007214 0.0035646 0.003069 0.97112 0.0012954 0.0012954 0.0030691 0.0056017
0.0066591 0.013157 0.0052876 0.0047912 0.9501 0.0020115 0.0020115 0.0046338 0.011353
0.01654 0.06932 0.014652 0.012087 0.8215 0.0050023 0.0050023 0.010054 0.045847
0.008912 0.014208 0.0075222 0.0064266 0.93169 0.0026334 0.0026334 0.0059721 0.020001
0.0060538 0.014573 0.0053495 0.0046427 0.95086 0.0019571 0.0019571 0.0041246 0.010481
0.0076058 0.92151 0.0078656 0.0064 0.035551 0.0025714 0.0025714 0.0051891 0.010734
0.025898 0.62887 0.019802 0.01708 0.24576 0.0067293 0.0067293 0.016571 0.032568
0.0072371 0.019032 0.0062503 0.0056382 0.93636 0.0023965 0.0023965 0.0049333 0.015754
0.016457 0.1455 0.014812 0.013596 0.75645 0.0053021 0.0053021 0.010947 0.03163
0.0080236 0.011042 0.00538 0.0048582 0.95017 0.0020384 0.0020384 0.0043506 0.012094
0.0051411 0.011572 0.004262 0.0039225 0.96008 0.0016478 0.0016478 0.0033898 0.0083385
0.0069201 0.02129 0.0056369 0.0050819 0.94087 0.002128 0.002128 0.004539 0.011403
0.014918 0.053305 0.012441 0.010245 0.86023 0.0042185 0.0042185 0.0087564 0.031672
0.0053238 0.011625 0.0042404 0.0040323 0.9584 0.0016953 0.0016953 0.003465 0.0095269
0.0050283 0.010725 0.0042602 0.0039872 0.96044 0.0016684 0.0016684 0.0037099 0.0085106
0.010564 0.85582 0.0098257 0.0092068 0.082485 0.003711 0.003711 0.0072776 0.017395
0.015281 0.064822 0.012672 0.011066 0.83914 0.0046722 0.0046722 0.009998 0.037679
0.0082978 0.011017 0.0057532 0.0053448 0.94312 0.0022648 0.0022648 0.0060684 0.015872
0.0058197 0.0093537 0.0054024 0.0046117 0.95261 0.0019336 0.0019336 0.004266 0.014066
0.0066058 0.015686 0.0054131 0.0049055 0.94735 0.0020701 0.0020701 0.0041403 0.011754
0.0063421 0.011958 0.0050956 0.0047908 0.9505 0.0020088 0.0020088 0.0042971 0.012996
0.0042753 0.0086537 0.0037049 0.0033456 0.96739 0.0014064 0.0014064 0.0028768 0.0069371
0.033702 0.49848 0.034165 0.040026 0.25478 0.029593 0.029593 0.031825 0.047841
0.0046618 0.010456 0.004158 0.003863 0.96036 0.0016368 0.0016368 0.0032246 0.010008
0.0068645 0.012026 0.0089687 0.0053467 0.94618 0.0021993 0.0021993 0.005125 0.011089
0.006792 0.012618 0.0054773 0.0047289 0.95171 0.0019783 0.0019783 0.0048183 0.0098994
0.0043464 0.0082441 0.0037339 0.0033744 0.96721 0.0014172 0.0014172 0.0029734 0.0072798
0.0040513 0.00909 0.0034327 0.0031822 0.96846 0.0013528 0.0013528 0.0027776 0.0063034
0.0075027 0.91279 0.0079433 0.0063416 0.044344 0.0026545 0.0026545 0.0053856 0.010386
0.15296 0.054279 0.02451 0.018501 0.67547 0.0076751 0.0076751 0.017027 0.041905
0.0066023 0.93629 0.0061134 0.0059854 0.025623 0.0025711 0.0025711 0.0048647 0.0093778
0.0061858 0.015611 0.0057112 0.0051163 0.94433 0.0021343 0.0021343 0.0043838 0.014397
0.01074 0.017229 0.015322 0.0080691 0.91204 0.0033271 0.0033271 0.0082069 0.021742
0.0065847 0.0095708 0.0049862 0.004353 0.95678 0.0018362 0.0018362 0.003847 0.010204
0.0048795 0.010412 0.0044096 0.003801 0.96218 0.0016133 0.0016133 0.0032707 0.007824
0.42153 0.036166 0.030987 0.02892 0.34953 0.028685 0.028685 0.031953 0.043547
0.0091223 0.91223 0.0094648 0.0097261 0.021669 0.0092061 0.0092061 0.0094118 0.0099635
0.0057282 0.010706 0.0053103 0.0046144 0.95115 0.0019401 0.0019401 0.0039142 0.014699
0.0077926 0.020744 0.0066309 0.0060248 0.93282 0.0025207 0.0025207 0.0051908 0.01576
0.0064987 0.010922 0.0071918 0.0047496 0.95273 0.0019599 0.0019599 0.0041183 0.0098744
0.0059026 0.013079 0.0050439 0.0046571 0.94995 0.0019746 0.0019746 0.0039587 0.013455
0.010629 0.01229 0.0069454 0.0061093 0.93377 0.0025787 0.0025787 0.0057024 0.019391
0.0041916 0.0081463 0.0036497 0.0034142 0.96657 0.0014312 0.0014312 0.0028376 0.0083331
0.006452 0.012885 0.0054775 0.0050683 0.94736 0.002115 0.002115 0.0046544 0.01387
0.004605 0.0099924 0.0042131 0.003762 0.96216 0.0015696 0.0015696 0.0031463 0.0089797
0.0044904 0.0078362 0.004085 0.003598 0.96503 0.0015021 0.0015021 0.0029561 0.0089993
0.0064502 0.012129 0.0061459 0.004943 0.94953 0.0020625 0.0020625 0.004798 0.011873
0.0053075 0.0093735 0.0045039 0.004183 0.95822 0.0017615 0.0017615 0.0040648 0.010824
0.01533 0.061228 0.011193 0.010176 0.85849 0.0040577 0.0040577 0.0091613 0.026301
0.014931 0.090226 0.013905 0.011847 0.81516 0.0049474 0.0049474 0.010411 0.033624
0.0078392 0.011926 0.0064629 0.0058248 0.93516 0.0024619 0.0024619 0.0058069 0.022057
0.0074932 0.013655 0.0074425 0.0061148 0.93005 0.0025561 0.0025561 0.0051768 0.02495
0.0059598 0.010429 0.0057056 0.0043612 0.95605 0.0018123 0.0018123 0.0038608 0.010007
0.0043217 0.0085446 0.003664 0.0033846 0.9675 0.0014162 0.0014162 0.0028121 0.0069363
0.0063346 0.011284 0.0053973 0.0046229 0.95332 0.0019348 0.0019348 0.0046427 0.010526
0.0066088 0.01283 0.0064221 0.0050118 0.94926 0.0020559 0.0020559 0.0048121 0.010944
0.0074317 0.017531 0.0073009 0.0056942 0.94028 0.0023365 0.0023365 0.0056239 0.011469
0.0050113 0.010927 0.0043278 0.0039494 0.9602 0.0016679 0.0016679 0.0038166 0.0084319
0.015869 0.82819 0.016613 0.016943 0.057233 0.015561 0.015561 0.016234 0.017791
0.010847 0.014403 0.0083424 0.0069775 0.9173 0.0029517 0.0029517 0.0067198 0.029511
0.0057934 0.010086 0.0056742 0.0049445 0.947 0.002001 0.002001 0.0041228 0.018376
0.0058606 0.01147 0.0055353 0.0048583 0.94747 0.0020398 0.0020398 0.0040063 0.01672
0.003832 0.0069164 0.0032502 0.0030892 0.96971 0.0012986 0.0012986 0.0025364 0.0080649
0.0050206 0.0071296 0.0041705 0.0036761 0.96404 0.0015529 0.0015529 0.0032292 0.0096323
0.0083654 0.012854 0.0067923 0.0057765 0.93968 0.0024212 0.0024212 0.0065039 0.015183
0.0082493 0.052747 0.0072834 0.0068906 0.90101 0.0028476 0.0028476 0.0056684 0.012454
0.021923 0.67406 0.018054 0.015914 0.2091 0.00616 0.00616 0.014229 0.034402
0.014529 0.089412 0.014878 0.011288 0.81154 0.0048184 0.0048184 0.0095332 0.039182
0.016075 0.018598 0.010194 0.0085567 0.89651 0.003617 0.003617 0.0078119 0.035018
0.0053322 0.0074509 0.0041318 0.003717 0.9637 0.0015704 0.0015704 0.0037015 0.0088241
0.0074225 0.91883 0.0068587 0.0065286 0.039286 0.0026032 0.0026032 0.005248 0.01062
0.013116 0.053936 0.011013 0.00989 0.86556 0.004057 0.004057 0.0079145 0.030459
0.0049511 0.0085697 0.0041812 0.0038932 0.95969 0.0016485 0.0016485 0.0032294 0.012188
0.005781 0.013558 0.0052271 0.0045385 0.95304 0.0018928 0.0018928 0.0042243 0.009841
0.016133 0.21562 0.014022 0.012907 0.68703 0.005463 0.005463 0.010879 0.032478
0.0049567 0.010542 0.0042858 0.0040835 0.95802 0.0017074 0.0017074 0.0035611 0.011139
0.0072494 0.012257 0.0060634 0.0052677 0.9452 0.0022135 0.0022135 0.0061697 0.013368
0.0047163 0.0095268 0.0044755 0.0038591 0.96168 0.0016325 0.0016325 0.0034686 0.0090048
0.0088746 0.015934 0.010813 0.0067028 0.92769 0.002787 0.002787 0.0070003 0.017408
0.0066674 0.010687 0.005107 0.0046326 0.95462 0.0018836 0.0018836 0.0041811 0.010334
0.0060087 0.013723 0.0056864 0.0047794 0.94911 0.0020038 0.0020038 0.0040419 0.012639
0.0079823 0.017296 0.0070223 0.0062629 0.92834 0.0026428 0.0026428 0.0062585 0.021549
0.0044337 0.0078695 0.0040774 0.0036124 0.96257 0.0015383 0.0015383 0.0030528 0.011304
0.0067235 0.012411 0.0061669 0.0054524 0.93746 0.0023221 0.0023221 0.0046767 0.022464
0.0040875 0.0082828 0.0036306 0.0034673 0.96787 0.0013851 0.0013851 0.0027729 0.0071228
0.0054378 0.015238 0.0045315 0.0046222 0.95329 0.001786 0.001786 0.0034507 0.0098629
0.0054891 0.0085678 0.0047013 0.0041948 0.95778 0.0017536 0.0017536 0.0036471 0.012113
0.0055563 0.0098921 0.0048397 0.0042157 0.95661 0.0017683 0.0017683 0.0038042 0.011548
0.0066889 0.01233 0.0057919 0.0059269 0.94726 0.0021623 0.0021623 0.004932 0.012749
0.018385 0.3177 0.015795 0.014947 0.57958 0.0058454 0.0058454 0.012404 0.029498
0.0071563 0.92599 0.0066217 0.0062483 0.03405 0.0026618 0.0026618 0.0052737 0.0093354
0.0043939 0.010187 0.0043191 0.0036854 0.96336 0.0015146 0.0015146 0.0031192 0.0079106
0.0063646 0.012002 0.0053935 0.0047025 0.95279 0.0019393 0.0019393 0.0044895 0.010384
0.0063619 0.013248 0.0054277 0.0048404 0.94924 0.0020273 0.0020273 0.0048541 0.011979
0.0094716 0.08744 0.0080624 0.0075347 0.8627 0.0031416 0.0031416 0.006178 0.012328
0.0045466 0.0076498 0.0044195 0.0038581 0.9601 0.0016032 0.0016032 0.0032644 0.012954
0.0061945 0.017457 0.0055469 0.0051085 0.9448 0.0021412 0.0021412 0.0049295 0.011685
0.012105 0.84308 0.01173 0.010981 0.083579 0.0040473 0.0040473 0.0084858 0.021945
0.020803 0.53456 0.019547 0.016892 0.32264 0.0068898 0.0068898 0.014838 0.056941
0.021615 0.76791 0.020197 0.019026 0.093945 0.018789 0.018789 0.020166 0.019565
0.015211 0.088857 0.017026 0.011744 0.81091 0.0049702 0.0049702 0.0097848 0.036526
0.0041591 0.0084823 0.003843 0.0033651 0.96709 0.0013972 0.0013972 0.0028973 0.0073723
0.005949 0.0092528 0.0054872 0.0048472 0.9484 0.0020432 0.0020432 0.0047958 0.017184
0.0049893 0.0097661 0.0044706 0.0041159 0.95927 0.0017156 0.0017156 0.0038838 0.010073
0.005583 0.010147 0.0044919 0.0041164 0.95935 0.0017228 0.0017228 0.0040987 0.0087652
0.015642 0.062902 0.01054 0.009725 0.86294 0.0038978 0.0038978 0.0088536 0.021605
0.010891 0.88871 0.011398 0.011317 0.032911 0.011019 0.011019 0.011292 0.011442
0.014455 0.16346 0.013012 0.011895 0.75387 0.0048345 0.0048345 0.0098694 0.023771
0.0076867 0.013443 0.0061011 0.0055023 0.93936 0.0023388 0.0023388 0.0053328 0.017892
0.0089948 0.010221 0.0057978 0.00519 0.9454 0.002178 0.002178 0.0045374 0.015507
0.0056557 0.010504 0.0047707 0.0044501 0.95391 0.0018755 0.0018755 0.004075 0.012879
0.4169 0.033922 0.037774 0.028045 0.35917 0.027769 0.027769 0.031572 0.037075
0.013549 0.049285 0.012275 0.010402 0.8602 0.0042643 0.0042643 0.0085174 0.037247
0.0044975 0.009632 0.0041735 0.0036363 0.96292 0.0015328 0.0015328 0.0031012 0.008969
0.0076109 0.016288 0.0063264 0.0059508 0.94141 0.0023119 0.0023119 0.0051757 0.012611
0.00621 0.011789 0.0055915 0.0050522 0.94657 0.0021231 0.0021231 0.0047279 0.015809
0.0054269 0.012732 0.0050055 0.0045605 0.95372 0.001887 0.001887 0.0041417 0.010639
0.028868 0.35448 0.021427 0.020586 0.48687 0.0078055 0.0078055 0.0198 0.052356
0.0087322 0.90894 0.0084325 0.0079325 0.040062 0.0041421 0.0041421 0.0068335 0.010788
0.010938 0.85624 0.010196 0.0095699 0.081514 0.003803 0.003803 0.0077783 0.016155
0.0062249 0.010681 0.0055742 0.004969 0.94688 0.0020942 0.0020942 0.0045247 0.016954
0.0071686 0.030339 0.0065512 0.0062077 0.92657 0.0025254 0.0025254 0.0049701 0.013138
0.018161 0.78412 0.017585 0.017801 0.08854 0.017337 0.017337 0.018313 0.020809
0.016934 0.10865 0.015201 0.012928 0.77709 0.0055005 0.0055005 0.011128 0.04707
0.0045309 0.0070939 0.0043407 0.0037156 0.9619 0.0015715 0.0015715 0.0031476 0.012133
0.0066525 0.012934 0.0080912 0.0050737 0.94771 0.0021054 0.0021054 0.0042872 0.011041
0.0052317 0.0084257 0.004483 0.0041727 0.95685 0.0017585 0.0017585 0.0035904 0.013729
0.013785 0.072618 0.012668 0.011287 0.83334 0.0046222 0.0046222 0.011132 0.035929
0.003893 0.0077219 0.0036787 0.003273 0.96815 0.001378 0.001378 0.0029354 0.0075888
0.0080721 0.019042 0.0073111 0.0057482 0.93604 0.0024511 0.0024511 0.0053216 0.013565
0.004293 0.0079728 0.0039257 0.0034662 0.96616 0.0014638 0.0014638 0.0029703 0.008287
0.0072355 0.012615 0.0051481 0.0046424 0.95265 0.0019347 0.0019347 0.0041486 0.0096898
0.0069119 0.017951 0.0057729 0.0055118 0.93866 0.0022874 0.0022874 0.0066918 0.01393
0.0060265 0.014803 0.0052398 0.0049924 0.94778 0.0020667 0.0020667 0.0046211 0.012401
0.0057977 0.010322 0.0044907 0.0042306 0.95759 0.0017717 0.0017717 0.0041492 0.0098717
0.01728 0.095238 0.015865 0.014614 0.78298 0.005746 0.005746 0.018211 0.04432
0.62147 0.032279 0.033625 0.025514 0.1736 0.024859 0.024859 0.026823 0.036973
0.0095193 0.018527 0.0083417 0.0069915 0.91952 0.0029144 0.0029144 0.0061478 0.025128
0.0061992 0.0154 0.0054993 0.0046613 0.94951 0.00198 0.00198 0.0039577 0.010813
0.0047073 0.0078147 0.0040187 0.0036563 0.96394 0.0015403 0.0015403 0.0032556 0.0095303
0.0087961 0.016724 0.0071807 0.0063094 0.93118 0.0026065 0.0026065 0.0059745 0.018619
0.0043391 0.0087321 0.0039473 0.0036209 0.96428 0.0015224 0.0015224 0.0034542 0.0085778
0.010666 0.072253 0.0087261 0.0083077 0.87096 0.0034396 0.0034396 0.0071098 0.015097
0.013357 0.039687 0.011065 0.010278 0.86522 0.0042373 0.0042373 0.0096133 0.042303
0.0067214 0.00892 0.0051067 0.0044306 0.95593 0.0018481 0.0018481 0.0038542 0.011336
0.012764 0.013801 0.0073339 0.006146 0.93455 0.0026037 0.0026037 0.0060632 0.014138
0.0049957 0.010211 0.0047938 0.004094 0.95937 0.0017313 0.0017313 0.003481 0.009594
0.0049181 0.0084803 0.0040362 0.0038927 0.96091 0.0016438 0.0016438 0.0034297 0.01105
0.0047756 0.0099266 0.0041503 0.0038498 0.96236 0.0015941 0.0015941 0.0031612 0.0085846
0.0048479 0.0087635 0.0040257 0.0038678 0.96232 0.0016166 0.0016166 0.0036014 0.0093355
0.022687 0.32144 0.022794 0.020126 0.49851 0.0077703 0.0077703 0.017083 0.081822
0.016543 0.12826 0.013608 0.011718 0.78788 0.004676 0.004676 0.010343 0.022298
0.0105 0.020247 0.0074034 0.0066277 0.92633 0.0027528 0.0027528 0.0079337 0.015448
0.016216 0.71052 0.017488 0.01557 0.18609 0.0056251 0.0056251 0.012192 0.030667
0.007951 0.025647 0.007408 0.0065991 0.92445 0.0027318 0.0027318 0.0057484 0.016738
0.011355 0.88143 0.011789 0.01235 0.034963 0.011635 0.011635 0.012099 0.012739
0.019112 0.43342 0.016458 0.017843 0.45531 0.0061877 0.0061877 0.01212 0.033361
0.0052338 0.0085643 0.004489 0.0041564 0.95838 0.0017285 0.0017285 0.0037479 0.011969
0.0048358 0.0095952 0.0043244 0.0040062 0.95931 0.0016846 0.0016846 0.0034013 0.011159
0.013233 0.79917 0.01223 0.012374 0.12378 0.0043729 0.0043729 0.0086542 0.021819
0.0057909 0.019907 0.0052902 0.0049421 0.94598 0.002018 0.002018 0.0041185 0.0099365
0.0051788 0.014377 0.0047672 0.0044623 0.95318 0.0018194 0.0018194 0.0040927 0.0103
0.0052516 0.012065 0.0048895 0.0042885 0.95592 0.0018055 0.0018055 0.00364 0.010333
0.0052855 0.0084359 0.0044703 0.0040548 0.95905 0.0016929 0.0016929 0.0035386 0.011779
0.006392 0.026231 0.0055929 0.005231 0.93746 0.0021937 0.0021937 0.004433 0.010271
0.01271 0.050652 0.010966 0.010441 0.85677 0.0042132 0.0042132 0.0090279 0.04101
0.056515 0.047182 0.027815 0.021689 0.74521 0.02156 0.02156 0.02347 0.035002
0.0064887 0.013883 0.0058669 0.0052296 0.94254 0.0022057 0.0022057 0.0046996 0.016884
0.0098486 0.012271 0.0072722 0.0058989 0.93748 0.0024838 0.0024838 0.0056382 0.016623
0.0054116 0.015269 0.0049155 0.0048365 0.95103 0.0019212 0.0019212 0.0041786 0.01052
0.0053135 0.0089722 0.004503 0.0041931 0.9576 0.0017566 0.0017566 0.0039152 0.011988
0.0062639 0.01171 0.0046515 0.0044644 0.95581 0.001827 0.001827 0.0041242 0.0093262
0.0054481 0.010954 0.0045276 0.0040452 0.95971 0.0016957 0.0016957 0.0039553 0.0079648
0.011792 0.058759 0.010633 0.0097623 0.86633 0.0039654 0.0039654 0.0085394 0.02625
0.011825 0.87621 0.011855 0.012337 0.038044 0.011796 0.011796 0.012797 0.013337
0.017005 0.089111 0.012105 0.011466 0.81831 0.0047485 0.0047485 0.0099374 0.032567
0.0065763 0.013283 0.0059846 0.0055432 0.93802 0.0023094 0.0023094 0.0047657 0.021205
0.005509 0.011271 0.0050042 0.0046622 0.95216 0.0019183 0.0019183 0.0040342 0.013522
0.0061073 0.012436 0.0057046 0.0050614 0.94533 0.0021184 0.0021184 0.0043135 0.016806
0.0042306 0.008597 0.0038256 0.0034295 0.96646 0.0014466 0.0014466 0.0029142 0.0076546
0.0056279 0.0099578 0.0049036 0.0046472 0.94963 0.0019483 0.0019483 0.0039211 0.017416
0.012146 0.044405 0.010574 0.0088498 0.88473 0.0036898 0.0036898 0.0078001 0.02412
0.0059135 0.0096541 0.0049693 0.0045707 0.95354 0.0018983 0.0018983 0.0041473 0.013407
0.0050425 0.010974 0.0045863 0.0042439 0.95712 0.0017578 0.0017578 0.003496 0.011017
0.0056966 0.013668 0.0048708 0.0044171 0.95422 0.0018511 0.0018511 0.0046504 0.0087747
0.01043 0.031315 0.0080843 0.0071636 0.91029 0.0030051 0.0030051 0.0065829 0.020127
0.019307 0.19286 0.018281 0.017122 0.68926 0.0062134 0.0062134 0.012781 0.037965
0.0040083 0.009491 0.0036589 0.0033204 0.9669 0.0013994 0.0013994 0.0027943 0.0070313
0.0047939 0.0079605 0.0042598 0.0037744 0.96218 0.0015982 0.0015982 0.0032624 0.010568
0.0089985 0.029666 0.0082736 0.0074057 0.90958 0.003085 0.003085 0.0072067 0.022699
0.012881 0.064377 0.013035 0.012311 0.84441 0.0045094 0.0045094 0.0098586 0.03411
0.012065 0.062232 0.010523 0.010958 0.86011 0.0039341 0.0039341 0.007907 0.028334
0.008469 0.023764 0.0077023 0.0069098 0.91851 0.0028712 0.0028712 0.0058564 0.023044
0.0063649 0.013018 0.0054695 0.0049959 0.94643 0.0021094 0.0021094 0.0042953 0.015203
0.0079419 0.025981 0.0076254 0.0066486 0.9229 0.0027374 0.0027374 0.0061511 0.017274
0.0058118 0.011092 0.0052227 0.0046847 0.95175 0.0019722 0.0019722 0.0042411 0.013248
0.0060185 0.012749 0.0052189 0.0048623 0.94749 0.0020404 0.0020404 0.0041712 0.01541
0.0048509 0.0071164 0.0039287 0.0035608 0.96527 0.0014976 0.0014976 0.0032622 0.0090136
0.0048634 0.0081832 0.004014 0.0036036 0.96483 0.0015112 0.0015112 0.0032077 0.0082729
0.010315 0.028472 0.0084681 0.0079035 0.90559 0.0032752 0.0032752 0.006955 0.025749
0.019197 0.51095 0.016897 0.014116 0.36813 0.0061699 0.0061699 0.012437 0.045937
0.0052826 0.009431 0.0046044 0.0042361 0.95633 0.001781 0.001781 0.0039316 0.012623
0.0052424 0.01035 0.0044727 0.0042825 0.95665 0.0017931 0.0017931 0.0041154 0.011301
0.0047528 0.0088773 0.0039079 0.0035923 0.96498 0.0015033 0.0015033 0.0030054 0.007876
0.0059454 0.012005 0.0054532 0.004843 0.94967 0.0020447 0.0020447 0.0045612 0.013437
0.0056636 0.018937 0.0049175 0.0046372 0.94894 0.0019366 0.0019366 0.0038723 0.0091596
0.0084806 0.037997 0.0073392 0.0069223 0.91224 0.0028846 0.0028846 0.0060165 0.015236
0.0079211 0.01897 0.0063537 0.0060254 0.9329 0.0025031 0.0025031 0.0050454 0.017781
0.009859 0.90469 0.010118 0.010214 0.023358 0.0098633 0.0098633 0.010965 0.011069
0.015525 0.19042 0.015434 0.015287 0.70815 0.0054272 0.0054272 0.010764 0.033561
0.0067889 0.01965 0.0061529 0.0058126 0.93429 0.0024 0.0024 0.0049592 0.017544
0.0051336 0.013219 0.004803 0.0041755 0.9548 0.0017475 0.0017475 0.0034959 0.010876
0.0047992 0.0082516 0.0041573 0.0038082 0.96282 0.0015897 0.0015897 0.0034025 0.0095779
0.0046986 0.0088565 0.0043176 0.0038992 0.96185 0.001622 0.001622 0.0034332 0.0096977
0.012711 0.033652 0.010308 0.0085966 0.88824 0.0036201 0.0036201 0.0083323 0.030923
0.0095078 0.90651 0.010206 0.0098476 0.023917 0.0094457 0.0094457 0.010747 0.010378
0.0131 0.8572 0.013371 0.013623 0.047674 0.013169 0.013169 0.013262 0.015435
0.0076265 0.92354 0.0071684 0.0071292 0.031308 0.0035375 0.0035375 0.0060651 0.010091
0.0060687 0.01508 0.0055063 0.0049758 0.94619 0.0020897 0.0020897 0.0041932 0.01381
0.0057411 0.016901 0.005183 0.004823 0.94856 0.0019695 0.0019695 0.0041943 0.010659
0.0047455 0.010453 0.004493 0.0038981 0.96046 0.0016289 0.0016289 0.0032123 0.0094809
0.014627 0.045077 0.011708 0.0098387 0.86696 0.0040777 0.0040777 0.0091774 0.034457
0.012811 0.052044 0.01325 0.012733 0.86078 0.0044187 0.0044187 0.010214 0.029334
0.0099974 0.032658 0.0094122 0.0090074 0.89915 0.0033595 0.0033595 0.0069249 0.026129
0.0062901 0.014374 0.0056107 0.0051005 0.94401 0.0021514 0.0021514 0.0046626 0.015646
0.0097107 0.028926 0.0085324 0.0083603 0.90993 0.0032178 0.0032178 0.0081941 0.019907
0.0074267 0.018122 0.0064902 0.0059568 0.93695 0.0024238 0.0024238 0.0056305 0.014576
0.0060294 0.0092712 0.0048435 0.0045075 0.95339 0.0019027 0.0019027 0.0041407 0.014014
0.0049508 0.0089696 0.0046686 0.0041153 0.95744 0.0017333 0.0017333 0.0035536 0.012839
0.0053593 0.010863 0.0044984 0.0041124 0.95892 0.001718 0.001718 0.0039812 0.0088337
0.0055646 0.013906 0.005048 0.0046056 0.95071 0.0019324 0.0019324 0.0039829 0.012321
0.18679 0.054372 0.027938 0.020326 0.61692 0.0085207 0.0085207 0.020308 0.056313
0.015648 0.71091 0.016303 0.014274 0.19509 0.005797 0.005797 0.012368 0.02381
0.0056528 0.015238 0.0051512 0.0047263 0.94888 0.0019735 0.0019735 0.0040912 0.012316
0.0040127 0.0065796 0.0032263 0.0030454 0.97128 0.0012735 0.0012735 0.0026849 0.0066274
0.0059245 0.010302 0.0047414 0.0044006 0.95493 0.0018523 0.0018523 0.0037037 0.012292
