0.0059656 0.013351 0.0048542 0.0044513 0.95378 0.0018717 0.0018717 0.0038581 0.0099966
0.0060161 0.013492 0.004977 0.0044692 0.95397 0.0018785 0.0018785 0.0039499 0.009364
0.0050251 0.0068846 0.003817 0.003435 0.96746 0.001438 0.001438 0.0031441 0.0073615
0.0083526 0.011011 0.005597 0.0050002 0.94926 0.0020958 0.0020958 0.0049486 0.01164
0.0059507 0.0073157 0.0040374 0.0036856 0.96466 0.001551 0.001551 0.0035625 0.007683
0.0061016 0.0075081 0.0044362 0.0039939 0.9612 0.0016837 0.0016837 0.0041167 0.0092806
0.006378 0.010329 0.0055804 0.0049632 0.94921 0.0020937 0.0020937 0.0054016 0.013955
0.0056373 0.0097918 0.0047269 0.0042246 0.95663 0.0017965 0.0017965 0.0041219 0.011279
0.0054959 0.011588 0.0053258 0.004469 0.95531 0.0018863 0.0018863 0.0044605 0.0095732
0.0062211 0.013013 0.0058795 0.0051043 0.94575 0.0021333 0.0021333 0.0047232 0.015047
0.007961 0.020451 0.0065925 0.0059978 0.93215 0.0025246 0.0025246 0.0052523 0.016543
0.0051761 0.010673 0.0047094 0.0041821 0.95797 0.0017627 0.0017627 0.0041439 0.0096166
0.0072275 0.013787 0.0062129 0.0051656 0.94688 0.0021453 0.0021453 0.0046831 0.011753
0.0050547 0.0093711 0.0044249 0.0039514 0.96064 0.0016697 0.0016697 0.0037102 0.0095035
0.0052358 0.0092099 0.0048333 0.0041791 0.95642 0.0017633 0.0017633 0.0039294 0.012669
0.004165 0.0072254 0.0037514 0.0036049 0.96664 0.001434 0.001434 0.0029241 0.0088256
0.0057383 0.011295 0.0049865 0.0044478 0.95127 0.0018964 0.0018964 0.0038225 0.014649
0.0063269 0.013856 0.0057372 0.0050319 0.9458 0.0021314 0.0021314 0.0049848 0.014
0.0047536 0.0077337 0.0042001 0.0036422 0.96435 0.0015263 0.0015263 0.0032333 0.0090353
0.0068136 0.0092268 0.00475 0.0043195 0.95791 0.0018147 0.0018147 0.0044673 0.0088865
0.010506 0.011537 0.0064233 0.0055762 0.94268 0.0023447 0.0023447 0.0062806 0.012304
0.017737 0.013448 0.0091495 0.0068986 0.92295 0.0028942 0.0028942 0.0061533 0.017876
0.010155 0.0094748 0.0059302 0.0046539 0.95192 0.0019569 0.0019569 0.0043281 0.0096243
0.0070773 0.0081565 0.0048987 0.0042855 0.95697 0.0018111 0.0018111 0.0041216 0.010871
0.014863 0.01595 0.0082348 0.0073997 0.9153 0.0030821 0.0030821 0.0069954 0.025089
0.008812 0.022123 0.0079614 0.0064581 0.92375 0.0027014 0.0027014 0.0065015 0.018996
0.019468 0.30246 0.019109 0.017251 0.56836 0.0066112 0.0066112 0.014349 0.045781
0.02438 0.20408 0.022231 0.019371 0.6191 0.0077842 0.0077842 0.019141 0.076123
0.0092878 0.89594 0.0086507 0.0078283 0.040819 0.0031388 0.0031388 0.0067797 0.024418
0.0092021 0.88838 0.0086144 0.0079263 0.056049 0.0031174 0.0031174 0.0067833 0.016813
0.012122 0.84878 0.010488 0.010248 0.078453 0.0040734 0.0040734 0.0086912 0.023072
0.011129 0.86562 0.01028 0.0099494 0.067578 0.0039233 0.0039233 0.0086085 0.018991
0.01114 0.85807 0.0096317 0.009489 0.074635 0.0037758 0.0037758 0.0077491 0.02173
0.0062764 0.94245 0.0058486 0.0055631 0.021696 0.002189 0.002189 0.0045937 0.0091975
0.0078941 0.92121 0.007209 0.0083363 0.032555 0.0027768 0.0027768 0.0057214 0.011523
0.0068773 0.93628 0.0060599 0.0061061 0.024512 0.0023588 0.0023588 0.0053411 0.010111
0.0064478 0.93896 0.0057596 0.0056003 0.025242 0.0022428 0.0022428 0.0044639 0.009045
0.0069079 0.93701 0.0062921 0.0062106 0.023448 0.002792 0.002792 0.005354 0.009194
0.01716 0.724 0.016463 0.015335 0.16964 0.0084148 0.0084148 0.013545 0.027036
0.028897 0.52955 0.025586 0.025977 0.30484 0.015134 0.015134 0.022886 0.031994
0.025189 0.033321 0.016855 0.015387 0.84014 0.015146 0.015146 0.017763 0.021051
0.17571 0.031567 0.031721 0.025487 0.6208 0.02534 0.02534 0.027749 0.036286
0.25545 0.034814 0.036252 0.030342 0.47478 0.030417 0.030417 0.039857 0.067667
0.069722 0.025171 0.016254 0.012786 0.82635 0.0066898 0.0066898 0.013267 0.023069
0.016076 0.076557 0.011207 0.011156 0.83983 0.0045342 0.0045342 0.010298 0.02581
0.010615 0.03175 0.0073522 0.0078157 0.91917 0.0027007 0.0027007 0.0055324 0.012367
0.014316 0.77338 0.012278 0.011768 0.14682 0.0046843 0.0046843 0.0097716 0.022293
0.0072728 0.03298 0.0060218 0.0056993 0.9279 0.0024009 0.0024009 0.0047876 0.010536
0.0037048 0.0070826 0.0030766 0.0028085 0.97329 0.0011928 0.0011928 0.0023991 0.0052507
0.0055262 0.011153 0.0045216 0.0041816 0.95796 0.0017603 0.0017603 0.0038816 0.0092547
0.0053106 0.0086708 0.00387 0.0034664 0.96607 0.0014635 0.0014635 0.002947 0.0067392
0.0056525 0.0096305 0.0044446 0.0038851 0.96138 0.0016572 0.0016572 0.0037865 0.0079089
0.0050397 0.0089496 0.0048752 0.0039887 0.96166 0.0016806 0.0016806 0.0040474 0.008077
0.0034357 0.0058391 0.0032107 0.0027898 0.97424 0.0011802 0.0011802 0.0025517 0.0055748
0.0052091 0.010344 0.0047831 0.0038723 0.96059 0.0016725 0.0016725 0.0037169 0.0081437
0.0069044 0.011492 0.0056487 0.0044889 0.95486 0.0019004 0.0019004 0.0038838 0.0089253
0.006314 0.011177 0.0047648 0.0041896 0.95773 0.0017633 0.0017633 0.0035989 0.0086948
0.0054559 0.0095805 0.0043059 0.0038796 0.96096 0.0016343 0.0016343 0.0033806 0.0091705
0.0038341 0.0069176 0.0033294 0.0030654 0.97046 0.001292 0.001292 0.0024825 0.0073242
0.0044641 0.0076359 0.0036282 0.003467 0.96609 0.0014607 0.0014607 0.0029958 0.008799
0.0055804 0.0095133 0.0047744 0.004214 0.95671 0.0017871 0.0017871 0.0036417 0.011989
0.0050142 0.0097933 0.0045925 0.0039243 0.96037 0.0016568 0.0016568 0.0034039 0.0095897
0.0042696 0.0072212 0.0039669 0.0034889 0.96586 0.0014633 0.0014633 0.0030707 0.0091915
0.0044228 0.0075405 0.0036742 0.0034327 0.96642 0.0014398 0.0014398 0.0029424 0.0086917
0.0034537 0.0054775 0.0029653 0.0027265 0.97493 0.0011492 0.0011492 0.0025865 0.0055663
0.0049549 0.0095238 0.0043428 0.003879 0.96154 0.0016309 0.0016309 0.0033861 0.0091151
0.007573 0.012799 0.0072238 0.0054481 0.9442 0.0022879 0.0022879 0.005852 0.012323
0.0071368 0.015809 0.0072899 0.0056444 0.94103 0.002334 0.002334 0.0050355 0.013385
0.0054256 0.01096 0.0046487 0.0042722 0.95697 0.0017857 0.0017857 0.0038301 0.010322
0.0056291 0.011977 0.005299 0.0045416 0.95312 0.0019136 0.0019136 0.0041112 0.011498
0.0040202 0.0082716 0.0035572 0.0032553 0.96883 0.0013672 0.0013672 0.002861 0.0064666
0.0058465 0.012633 0.0052319 0.0045944 0.95362 0.0018927 0.0018927 0.0041998 0.010088
0.0070443 0.011664 0.0051838 0.0046415 0.95205 0.0019533 0.0019533 0.0042622 0.011248
0.0058021 0.010896 0.0045692 0.0042752 0.95796 0.0017624 0.0017624 0.0037967 0.0091736
0.0059064 0.012038 0.0046224 0.0041979 0.95681 0.0017715 0.0017715 0.003673 0.0092107
0.0067132 0.012929 0.0059472 0.005345 0.9445 0.0022467 0.0022467 0.0065198 0.013556
0.0053033 0.009894 0.0050999 0.0040965 0.95712 0.001756 0.001756 0.0037208 0.011253
0.010019 0.020402 0.012858 0.0081553 0.9043 0.0035002 0.0035002 0.008321 0.02895
0.0082096 0.015654 0.0096252 0.0066362 0.92479 0.0028746 0.0028746 0.0070827 0.022255
0.00527 0.0097127 0.0057184 0.0041578 0.95789 0.0017892 0.0017892 0.0040847 0.0095913
0.0090762 0.026233 0.0078286 0.0068796 0.91641 0.0028977 0.0028977 0.0059406 0.02184
0.0078132 0.91382 0.0073008 0.006906 0.040463 0.0028139 0.0028139 0.005809 0.012263
0.004506 0.0093485 0.0038197 0.0035665 0.9651 0.0015001 0.0015001 0.0030701 0.0075845
0.0063667 0.01915 0.005462 0.0049845 0.94461 0.0021003 0.0021003 0.0043789 0.010846
0.0049227 0.010996 0.0042279 0.0038577 0.9602 0.001628 0.001628 0.0035552 0.0089881
0.0049716 0.0098854 0.0039858 0.0036072 0.96461 0.001521 0.001521 0.0032036 0.0066986
0.0068635 0.016351 0.0086159 0.0055221 0.93964 0.0023704 0.0023704 0.0051299 0.013132
0.02139 0.02697 0.013095 0.01097 0.86204 0.0045436 0.0045436 0.010395 0.046055
0.0084439 0.92077 0.0079278 0.0073573 0.029974 0.0042817 0.0042817 0.0064304 0.010538
0.008055 0.92434 0.0074872 0.0072788 0.029065 0.0037491 0.0037491 0.0060154 0.010264
0.011269 0.87304 0.010462 0.008896 0.063017 0.0037745 0.0037745 0.007487 0.018282
0.0071016 0.012728 0.008495 0.0057282 0.93883 0.0024201 0.0024201 0.0055854 0.016697
0.008832 0.01805 0.010755 0.0073075 0.91656 0.0030847 0.0030847 0.0068066 0.025521
0.010458 0.01008 0.0055293 0.0049181 0.94911 0.0020599 0.0020599 0.0047226 0.011064
0.008455 0.91844 0.0078988 0.0074674 0.033252 0.0035375 0.0035375 0.0063207 0.011088
0.061977 0.08691 0.02231 0.018656 0.71177 0.0081404 0.0081404 0.017342 0.064752
0.016012 0.6385 0.014349 0.013821 0.26771 0.005527 0.005527 0.010755 0.027796
0.0075251 0.027601 0.0065354 0.0059687 0.93217 0.0023861 0.0023861 0.004703 0.010728
0.0072431 0.012174 0.0078646 0.0055429 0.94075 0.0023651 0.0023651 0.0055357 0.016155
0.0069767 0.93356 0.0062629 0.0062632 0.026611 0.002427 0.002427 0.0050362 0.010432
0.014105 0.77392 0.012106 0.012314 0.15058 0.0044902 0.0044902 0.0090075 0.018986
0.0053697 0.0081551 0.0041196 0.0036071 0.965 0.0015218 0.0015218 0.0032158 0.0074913
0.0069547 0.011928 0.0075221 0.0052562 0.94429 0.0022525 0.0022525 0.005414 0.01413
0.023371 0.45917 0.023607 0.02125 0.36737 0.0078012 0.0078012 0.01674 0.072887
0.0095391 0.8902 0.0088577 0.0084022 0.053453 0.0033475 0.0033475 0.0069285 0.015924
0.0039872 0.0088901 0.0034886 0.0032511 0.9686 0.0013548 0.0013548 0.0026502 0.0064273
0.0058714 0.0098564 0.0042127 0.003995 0.96017 0.0016831 0.0016831 0.0035077 0.0090253
0.0048995 0.0091126 0.0040229 0.003751 0.9625 0.0015777 0.0015777 0.003304 0.0092569
0.0043783 0.0093476 0.0037675 0.003487 0.96516 0.0014742 0.0014742 0.0028658 0.0080494
0.0048692 0.0088331 0.0041233 0.0037176 0.96351 0.0015572 0.0015572 0.0032528 0.0085754
0.0062356 0.012227 0.0064804 0.0049709 0.94932 0.0020793 0.0020793 0.004299 0.01231
0.0049386 0.010244 0.0047416 0.0040184 0.95856 0.0016957 0.0016957 0.0035496 0.010552
0.0068317 0.014013 0.0095936 0.0053111 0.94423 0.002262 0.002262 0.005086 0.010415
0.013676 0.033816 0.01416 0.010836 0.86249 0.0045039 0.0045039 0.011811 0.044202
0.029067 0.35147 0.026958 0.026539 0.40065 0.0092221 0.0092221 0.02026 0.12661
0.020716 0.49105 0.018413 0.016125 0.37552 0.0068383 0.0068383 0.014385 0.050115
0.0053938 0.9515 0.0048128 0.0046998 0.018422 0.001888 0.001888 0.0039589 0.0074359
0.12471 0.032565 0.029657 0.023662 0.68256 0.023499 0.023499 0.028276 0.031568
0.0045256 0.0083498 0.0041611 0.0036995 0.96383 0.0015443 0.0015443 0.0031408 0.0092092
0.013191 0.86014 0.01331 0.012834 0.055687 0.0088949 0.0088949 0.012078 0.014971
0.068913 0.37464 0.036212 0.023581 0.37693 0.010228 0.010228 0.024282 0.074988
0.0064185 0.011023 0.0051625 0.0045628 0.95414 0.0018978 0.0018978 0.0042186 0.010676
0.0046661 0.0089795 0.0041605 0.0036126 0.96527 0.0015107 0.0015107 0.0032517 0.0070427
0.0058643 0.94705 0.0052181 0.0053093 0.019901 0.0020331 0.0020331 0.0042161 0.0083795
0.0051901 0.95363 0.0046928 0.0047122 0.017322 0.0018116 0.0018116 0.0037867 0.0070438
0.0097503 0.016108 0.012636 0.0067935 0.92445 0.0028562 0.0028562 0.0056356 0.018912
0.010001 0.02242 0.013138 0.0082147 0.90152 0.0033853 0.0033853 0.0073057 0.030626
0.0084354 0.90525 0.007477 0.0075894 0.046717 0.0029177 0.0029177 0.0064801 0.012216
0.086898 0.02777 0.024879 0.019213 0.75443 0.019571 0.019571 0.021716 0.025954
0.0053799 0.0097773 0.0045906 0.0041926 0.95696 0.0017729 0.0017729 0.0038124 0.011744
0.004093 0.0071699 0.003434 0.0031754 0.96943 0.0013294 0.0013294 0.0026765 0.007365
0.0054432 0.012215 0.0046207 0.0041386 0.95769 0.0017432 0.0017432 0.0040652 0.0083455
0.025482 0.26092 0.025125 0.022726 0.53735 0.0084135 0.0084135 0.018363 0.093207
0.012644 0.035817 0.0083787 0.0076552 0.90504 0.0032116 0.0032116 0.0067011 0.017338
0.013344 0.78744 0.012564 0.010989 0.12745 0.0045726 0.0045726 0.0096143 0.029456
0.069345 0.028962 0.015763 0.01409 0.81242 0.007574 0.007574 0.013486 0.030784
0.0048011 0.013659 0.0045117 0.0040773 0.95901 0.0016546 0.0016546 0.0032734 0.0073539
0.0040102 0.0066919 0.0035438 0.0031744 0.96966 0.0013436 0.0013436 0.002912 0.0073154
0.0058409 0.0080291 0.0042809 0.0039061 0.96228 0.0016453 0.0016453 0.0036863 0.008683
0.0055356 0.94956 0.0049741 0.0049902 0.01906 0.0019363 0.0019363 0.0039339 0.0080731
0.11241 0.027476 0.027438 0.022248 0.70982 0.022228 0.022228 0.02615 0.030004
0.0051853 0.0090619 0.0039552 0.0036939 0.96356 0.0015539 0.0015539 0.0032706 0.0081685
0.0047588 0.011654 0.0042137 0.003828 0.96099 0.001614 0.001614 0.0035944 0.0077295
0.004604 0.0099292 0.0040981 0.0038581 0.96425 0.0015272 0.0015272 0.0029918 0.0072164
0.011541 0.011389 0.0064423 0.0056213 0.94143 0.0023685 0.0023685 0.0057064 0.013136
0.010698 0.024081 0.0087762 0.007768 0.90585 0.0032319 0.0032319 0.0069284 0.029431
0.020288 0.08996 0.018399 0.014901 0.78295 0.0059578 0.0059578 0.01481 0.046778
0.011561 0.85706 0.011484 0.01013 0.074581 0.0039714 0.0039714 0.0085715 0.018672
0.0049526 0.0093435 0.004096 0.0037223 0.96337 0.0015733 0.0015733 0.0032534 0.008117
0.0050066 0.011296 0.0042855 0.0038965 0.96047 0.0016304 0.0016304 0.0033786 0.0084014
0.0041477 0.0091391 0.0035352 0.0032061 0.96826 0.0013492 0.0013492 0.0026419 0.0063763
0.0050687 0.0088896 0.0053941 0.0039614 0.96111 0.0016597 0.0016597 0.0041118 0.008142
0.0070419 0.013179 0.0076937 0.005594 0.94116 0.0023314 0.0023314 0.0056812 0.014992
0.0076288 0.01381 0.0080869 0.0057654 0.93986 0.0024019 0.0024019 0.0061881 0.013862
0.007489 0.011876 0.0076089 0.0052479 0.94515 0.0022074 0.0022074 0.0051233 0.013087
0.010732 0.015803 0.012161 0.0070946 0.92234 0.0029898 0.0029898 0.0068773 0.019014
0.019173 0.041011 0.022643 0.015733 0.82205 0.0055902 0.0055902 0.012147 0.056064
0.0084924 0.92347 0.0079914 0.0074108 0.0265 0.004534 0.004534 0.006758 0.010314
0.004187 0.0073441 0.003491 0.003277 0.96847 0.0013757 0.0013757 0.0028204 0.0076546
0.017035 0.12718 0.015152 0.013881 0.74317 0.0056513 0.0056513 0.011308 0.060968
0.025022 0.19057 0.023825 0.021371 0.585 0.0081721 0.0081721 0.016973 0.12089
0.015894 0.018681 0.010206 0.0086078 0.89526 0.0036226 0.0036226 0.0077272 0.036384
0.0081652 0.91363 0.00757 0.0069946 0.040813 0.0028223 0.0028223 0.006152 0.01103
0.0075527 0.92565 0.0067935 0.006584 0.031548 0.0028872 0.0028872 0.0056549 0.010444
0.03209 0.033733 0.020541 0.016884 0.82156 0.016694 0.016694 0.019709 0.0221
0.030102 0.045952 0.020078 0.015544 0.80804 0.0072783 0.0072783 0.022511 0.043212
0.0086998 0.8831 0.0080877 0.0077166 0.067715 0.0030584 0.0030584 0.0064763 0.012092
0.0051109 0.0090383 0.0042973 0.0040059 0.95969 0.0016869 0.0016869 0.003703 0.010781
0.0057774 0.011073 0.0051311 0.0046283 0.95135 0.0019618 0.0019618 0.0046289 0.013483
0.011046 0.02051 0.007405 0.0061138 0.93114 0.0030306 0.0030306 0.0064646 0.01126
0.005685 0.94624 0.0051493 0.0049163 0.021875 0.0019945 0.0019945 0.004122 0.008021
0.014737 0.017008 0.0092427 0.007848 0.90893 0.0032746 0.0032746 0.0074623 0.028225
0.010569 0.018733 0.0088898 0.0074899 0.91765 0.0031181 0.0031181 0.010212 0.020219
0.014422 0.77856 0.014049 0.012547 0.13422 0.0050244 0.0050244 0.011331 0.024819
0.023735 0.70903 0.022678 0.02026 0.13327 0.020644 0.020644 0.021256 0.028478
0.0087158 0.91914 0.0089692 0.008908 0.018858 0.0086693 0.0086693 0.0089455 0.0091246
0.0073081 0.92436 0.0068087 0.0066929 0.03176 0.002598 0.002598 0.0056169 0.012258
0.0048954 0.010019 0.0043358 0.0039288 0.96066 0.0016489 0.0016489 0.0035435 0.0093191
0.0076725 0.011855 0.0086727 0.0052573 0.94561 0.0022241 0.0022241 0.0051884 0.011301
0.0059958 0.0087504 0.0056365 0.0045157 0.95517 0.0018849 0.0018849 0.0044326 0.011729
0.023898 0.26139 0.025167 0.019746 0.54012 0.0080392 0.0080392 0.017284 0.096313
0.0095835 0.88729 0.0091784 0.0092702 0.055933 0.0033744 0.0033744 0.0071852 0.014808
0.0053565 0.0099564 0.0040794 0.0037817 0.96181 0.0015951 0.0015951 0.0032899 0.0085404
0.0046547 0.00946 0.0037236 0.0034947 0.96604 0.0014554 0.0014554 0.0033242 0.0063901
0.005863 0.011429 0.0045133 0.0041326 0.95847 0.0017286 0.0017286 0.0036855 0.0084495
0.0072613 0.012699 0.0073105 0.0051206 0.94652 0.0021508 0.0021508 0.0051263 0.011663
0.0076473 0.013162 0.0072175 0.0052251 0.94553 0.0022022 0.0022022 0.005395 0.011417
0.0056769 0.94739 0.0051353 0.0050745 0.020722 0.0019723 0.0019723 0.0041849 0.0078717
0.027433 0.46702 0.022751 0.02017 0.37807 0.0081764 0.0081764 0.016953 0.051255
0.0048101 0.0091905 0.0038988 0.0037073 0.96296 0.0015706 0.0015706 0.003743 0.0085468
0.019296 0.11086 0.020295 0.016988 0.75261 0.0063362 0.0063362 0.014739 0.052539
0.090682 0.040873 0.020144 0.017559 0.73402 0.0088518 0.0088518 0.016801 0.062216
0.0070258 0.92729 0.0068024 0.0062395 0.032386 0.0024863 0.0024863 0.0051696 0.010117
0.015625 0.27782 0.014303 0.013027 0.63021 0.0054116 0.0054116 0.010555 0.027639
0.0055517 0.010847 0.0046363 0.00426 0.95599 0.0017978 0.0017978 0.0037074 0.011412
0.0063689 0.012756 0.0052896 0.0048807 0.94985 0.0019984 0.0019984 0.004377 0.012485
0.0048275 0.0096786 0.0042527 0.0036677 0.9637 0.0015474 0.0015474 0.0033873 0.0073956
0.010556 0.01437 0.010682 0.0065994 0.92913 0.002779 0.002779 0.0061452 0.016963
0.0068995 0.012133 0.0071956 0.0051238 0.94633 0.0021609 0.0021609 0.0044198 0.013578
0.010469 0.015375 0.01131 0.0066752 0.92802 0.002801 0.002801 0.0057102 0.01684
0.004745 0.007982 0.0041913 0.0037335 0.96363 0.0015604 0.0015604 0.0032271 0.0093741
0.0089921 0.89973 0.0081209 0.0091602 0.047439 0.0032055 0.0032055 0.0074745 0.012671
0.0053377 0.010613 0.0043129 0.0038305 0.96136 0.0016165 0.0016165 0.0032001 0.0081137
0.020583 0.26549 0.018444 0.016439 0.61046 0.0064428 0.0064428 0.01345 0.04225
0.023467 0.73633 0.021643 0.020569 0.11011 0.019687 0.019687 0.021325 0.027182
0.0051948 0.95266 0.0044891 0.0043155 0.018144 0.0017924 0.0017924 0.0042891 0.0073233
0.0054828 0.0077165 0.0043791 0.003987 0.96051 0.0016836 0.0016836 0.003795 0.010757
0.011711 0.051661 0.010422 0.0094125 0.86725 0.003873 0.003873 0.0085048 0.033292
0.017122 0.66417 0.016021 0.013833 0.21658 0.0058541 0.0058541 0.012107 0.04846
0.0059903 0.94654 0.005359 0.0057303 0.018779 0.002084 0.002084 0.0044482 0.0089883
0.014485 0.8412 0.012728 0.012353 0.070403 0.0046557 0.0046557 0.009616 0.029908
0.0073562 0.91917 0.006773 0.0063557 0.03866 0.0025941 0.0025941 0.0055544 0.010944
0.0061557 0.010929 0.0046034 0.0044261 0.95503 0.00185 0.00185 0.0040638 0.011093
0.0055127 0.012583 0.004419 0.0040129 0.95819 0.0017043 0.0017043 0.0038293 0.0080484
0.0056372 0.0097199 0.0058153 0.004331 0.95624 0.0018133 0.0018133 0.004173 0.010459
0.0052598 0.0086271 0.0045658 0.0039637 0.96051 0.0016746 0.0016746 0.003514 0.010215
0.0043499 0.0070738 0.0039505 0.0035033 0.9646 0.0014887 0.0014887 0.0034759 0.010074
0.023034 0.16687 0.018289 0.016047 0.69144 0.0066195 0.0066195 0.014165 0.056922
0.01214 0.82708 0.01173 0.010744 0.10131 0.0043064 0.0043064 0.0090562 0.019324
0.005536 0.95174 0.0047774 0.0051782 0.016875 0.0018959 0.0018959 0.0039851 0.0081181
0.006847 0.93485 0.0061432 0.00611 0.026034 0.002548 0.002548 0.0055138 0.0094064
0.0088887 0.052062 0.0078488 0.0074555 0.895 0.0030671 0.0030671 0.0062783 0.016332
0.0052566 0.0099888 0.0043552 0.0040842 0.95898 0.0017149 0.0017149 0.0037289 0.010181
0.0042797 0.0077417 0.0037104 0.0033218 0.96783 0.0014125 0.0014125 0.0031836 0.0071114
0.004218 0.0077631 0.0039466 0.0034585 0.96604 0.001445 0.001445 0.0028804 0.0088082
0.0056078 0.010336 0.0043347 0.0040073 0.95946 0.0016968 0.0016968 0.0037842 0.0090752
0.0062573 0.012909 0.005153 0.0047292 0.95013 0.0019814 0.0019814 0.0042517 0.012608
0.0066715 0.013521 0.0054139 0.0047736 0.95007 0.0020024 0.0020024 0.004233 0.011314
0.021646 0.16207 0.020231 0.018459 0.68234 0.0070717 0.0070717 0.018607 0.062509
0.005814 0.94485 0.0051939 0.0051329 0.022233 0.0020452 0.0020452 0.0045486 0.0081423
0.0062626 0.93966 0.0055613 0.0052714 0.024934 0.0022219 0.0022219 0.004597 0.0092724
0.0037566 0.0068747 0.003536 0.0031504 0.97009 0.0013177 0.0013177 0.0027334 0.0072263
0.012161 0.011111 0.0061076 0.0054137 0.94313 0.0022597 0.0022597 0.004628 0.012928
0.018642 0.068208 0.016463 0.014483 0.78715 0.0060115 0.0060115 0.014776 0.068253
0.10335 0.033503 0.024156 0.020378 0.71387 0.012993 0.012993 0.02041 0.058347
0.0036074 0.0068885 0.0032397 0.0029263 0.97242 0.0012326 0.0012326 0.0024238 0.0060337
0.0073558 0.010321 0.0059885 0.0050677 0.94726 0.0021312 0.0021312 0.0048393 0.014904
0.0064241 0.0098603 0.0056866 0.0050768 0.94702 0.0021205 0.0021205 0.0058776 0.015814
0.009667 0.0099621 0.0057172 0.0051053 0.94714 0.0021485 0.0021485 0.0047015 0.013406
0.015245 0.01199 0.0075458 0.0058195 0.93733 0.0024458 0.0024458 0.0053753 0.011797
0.0059283 0.010542 0.0043971 0.0041078 0.95834 0.0017292 0.0017292 0.0035756 0.0096529
0.0036954 0.0073393 0.0031632 0.0029268 0.97182 0.0012322 0.0012322 0.0023743 0.0062135
0.0046788 0.0077799 0.0039447 0.0036776 0.96359 0.0015493 0.0015493 0.0031979 0.010033
0.0041484 0.0071899 0.0034724 0.0031238 0.97032 0.0013138 0.0013138 0.003028 0.006091
0.0048797 0.0099642 0.0040202 0.003758 0.9638 0.0015496 0.0015496 0.0034579 0.0070221
0.0052167 0.010169 0.0048882 0.0041413 0.9576 0.0017541 0.0017541 0.0037477 0.01073
0.0053535 0.0099442 0.0042281 0.0039321 0.9613 0.0016393 0.0016393 0.0033648 0.0085968
0.0065958 0.01077 0.0065016 0.0048078 0.95008 0.0020349 0.0020349 0.0048516 0.01232
0.0085007 0.012135 0.0059681 0.0050934 0.94721 0.0021358 0.0021358 0.0045226 0.012296
0.0084194 0.012103 0.0072559 0.0052834 0.94421 0.0022274 0.0022274 0.0045646 0.013708
0.010951 0.014994 0.0078561 0.0070191 0.91626 0.0029675 0.0029675 0.0059833 0.031004
0.021386 0.088076 0.018155 0.015652 0.7837 0.0060405 0.0060405 0.016883 0.044066
0.015409 0.1118 0.015285 0.01236 0.78853 0.0051772 0.0051772 0.01106 0.035205
0.0084019 0.91472 0.0076604 0.0074114 0.034108 0.0029897 0.0029897 0.0069857 0.014732
0.0039813 0.0077022 0.0034743 0.0031456 0.96957 0.0013319 0.0013319 0.0026545 0.0068043
0.0051099 0.010139 0.0042989 0.0039769 0.95989 0.001682 0.001682 0.0038164 0.0094048
0.005183 0.0094105 0.0052801 0.0042313 0.95826 0.0017634 0.0017634 0.0049857 0.0091233
0.0059622 0.0131 0.0053959 0.0047572 0.95033 0.001983 0.001983 0.0040808 0.012405
0.0081184 0.016051 0.0062272 0.0055286 0.94144 0.0023175 0.0023175 0.0054328 0.012571
0.016226 0.16221 0.015132 0.013873 0.73553 0.0054409 0.0054409 0.011052 0.035098
0.0077291 0.92648 0.0072289 0.0069021 0.027771 0.003961 0.003961 0.0064843 0.0094792
0.021455 0.017787 0.016774 0.013158 0.86762 0.013247 0.013247 0.017112 0.0196
0.14139 0.062187 0.030724 0.028317 0.58089 0.01518 0.01518 0.025138 0.101
0.035263 0.36154 0.037498 0.026272 0.41454 0.010016 0.010016 0.021727 0.083123
0.0063965 0.013367 0.0053457 0.0048246 0.95041 0.0019958 0.0019958 0.0041834 0.011483
0.0040842 0.0068708 0.0036868 0.0032171 0.96931 0.0013594 0.0013594 0.0030365 0.0070727
0.0090139 0.89711 0.0081687 0.0069462 0.054091 0.0029324 0.0029324 0.0063154 0.012492
0.0046949 0.0085985 0.0045992 0.0035145 0.96556 0.001488 0.001488 0.0035605 0.0064966
0.0051883 0.0089104 0.0046253 0.0040834 0.95996 0.0017177 0.0017177 0.0047001 0.0091018
0.015197 0.62084 0.015347 0.012917 0.29195 0.0053522 0.0053522 0.011076 0.021968
0.0091328 0.012829 0.0080645 0.0058453 0.93837 0.0024289 0.0024289 0.0050606 0.015841
0.0082878 0.011833 0.0084795 0.00557 0.94214 0.0023188 0.0023188 0.0048789 0.014174
0.010212 0.016782 0.0078164 0.007298 0.91251 0.0030347 0.0030347 0.0068601 0.032447
0.0083819 0.91305 0.0073404 0.0079719 0.038736 0.0029101 0.0029101 0.006444 0.012255
0.0075355 0.92423 0.0068444 0.0064623 0.032638 0.0026138 0.0026138 0.0054681 0.011596
0.0053927 0.011378 0.0044456 0.0040536 0.95898 0.0017069 0.0017069 0.0037252 0.0086118
0.010433 0.88393 0.010101 0.0086105 0.052192 0.003579 0.003579 0.0080043 0.019566
0.0046935 0.0079535 0.0037235 0.003398 0.96774 0.0014261 0.0014261 0.003147 0.0064927
0.013595 0.074491 0.012494 0.010458 0.84331 0.0043649 0.0043649 0.010087 0.026838
0.016239 0.10549 0.014533 0.013153 0.79514 0.0051639 0.0051639 0.012154 0.032963
0.0065308 0.94028 0.00584 0.0058385 0.023071 0.0022697 0.0022697 0.0047196 0.0091824
0.0047999 0.0087232 0.0039907 0.0037437 0.96345 0.0015732 0.0015732 0.0033945 0.0087561
0.0060691 0.013035 0.0057403 0.0050395 0.94758 0.0020854 0.0020854 0.004272 0.014097
0.004448 0.007029 0.0038621 0.0034846 0.96682 0.0014715 0.0014715 0.0033704 0.0080426
0.011056 0.011397 0.0061424 0.0054524 0.94268 0.0022847 0.0022847 0.0050682 0.01363
0.0097258 0.011677 0.0059253 0.0055055 0.94195 0.0023033 0.0023033 0.0051614 0.015445
0.021095 0.10391 0.022058 0.016178 0.74915 0.0066678 0.0066678 0.020412 0.053856
0.0047789 0.0082213 0.0043451 0.0036231 0.96551 0.0015304 0.0015304 0.0038407 0.0066244
0.0056475 0.011069 0.0047621 0.0042985 0.95707 0.00179 0.00179 0.0038358 0.0097345
0.0073211 0.012567 0.0059759 0.0055834 0.93755 0.002364 0.002364 0.0050634 0.02121
0.0065225 0.014821 0.005748 0.0052676 0.93985 0.0022325 0.0022325 0.0045156 0.018811
0.015443 0.042336 0.012708 0.010973 0.85677 0.0046394 0.0046394 0.012585 0.039908
0.0077885 0.92214 0.0070487 0.0078612 0.031484 0.0027321 0.0027321 0.0056902 0.012525
0.012212 0.8745 0.01192 0.011015 0.050752 0.0080296 0.0080296 0.010665 0.01288
0.0052146 0.010116 0.0046314 0.0041745 0.95844 0.0017435 0.0017435 0.0037947 0.010139
0.012968 0.058432 0.01176 0.010404 0.86068 0.0042201 0.0042201 0.0093109 0.028002
0.0038449 0.0068062 0.0032546 0.0030539 0.97098 0.0012898 0.0012898 0.002598 0.0068794
0.0051439 0.0073806 0.0042102 0.0037893 0.96349 0.001594 0.001594 0.0037008 0.0090927
0.0079697 0.013058 0.0074294 0.0061177 0.93217 0.0025477 0.0025477 0.0061153 0.022046
0.018933 0.1353 0.018921 0.014626 0.73342 0.0061477 0.0061477 0.013943 0.052564
0.013821 0.78441 0.012228 0.011587 0.13757 0.0046737 0.0046737 0.010579 0.020457
0.087847 0.033498 0.031708 0.024666 0.69071 0.024734 0.024734 0.027643 0.054465
0.010761 0.11711 0.010196 0.00906 0.82034 0.0037993 0.0037993 0.0076178 0.017322
0.004883 0.0077619 0.0043404 0.0036707 0.96419 0.0015352 0.0015352 0.0033813 0.0087037
0.0040617 0.0073275 0.0036147 0.0033151 0.9685 0.0013754 0.0013754 0.0027779 0.0076506
0.015596 0.081271 0.014717 0.012164 0.80584 0.0051728 0.0051728 0.01109 0.04898
0.0071325 0.93471 0.0064917 0.0075645 0.022862 0.0024599 0.0024599 0.0052514 0.01107
0.0065951 0.93673 0.0059487 0.0065033 0.024956 0.0023364 0.0023364 0.0050409 0.0095526
0.022847 0.68395 0.021189 0.017522 0.17024 0.0069762 0.0069762 0.019499 0.050806
0.012977 0.83192 0.013904 0.012336 0.091986 0.0043187 0.0043187 0.010362 0.017879
0.0094232 0.88559 0.0087551 0.007753 0.058839 0.0032404 0.0032404 0.0076324 0.015525
0.0043582 0.0082093 0.003662 0.0034869 0.96595 0.0014685 0.0014685 0.0031334 0.0082611
0.0048944 0.0092058 0.0041382 0.0037301 0.96392 0.0015616 0.0015616 0.0036465 0.0073442
0.008021 0.012052 0.0062449 0.0052334 0.94596 0.002179 0.002179 0.0055263 0.012602
0.004291 0.0067392 0.0038203 0.0034481 0.96686 0.0014423 0.0014423 0.0029112 0.0090449
0.0045867 0.0081976 0.0039962 0.0035801 0.96507 0.0014885 0.0014885 0.0033607 0.0082322
0.007284 0.010021 0.0054685 0.0048856 0.94921 0.0020661 0.0020661 0.0050242 0.013973
0.0084522 0.020873 0.0076238 0.0065698 0.92123 0.0027638 0.0027638 0.0063169 0.023412
0.011263 0.030339 0.012407 0.0089832 0.88366 0.0038067 0.0038067 0.009409 0.036325
0.016859 0.76069 0.016262 0.014791 0.12448 0.0055949 0.0055949 0.012968 0.042762
0.011844 0.85988 0.0103 0.0095128 0.073136 0.0038772 0.0038772 0.008642 0.018931
0.0050828 0.0093638 0.0046657 0.0039837 0.95957 0.0016964 0.0016964 0.0035034 0.010442
0.0058417 0.011504 0.0056339 0.0048652 0.94682 0.0020383 0.0020383 0.0039557 0.0173
0.0056454 0.0095224 0.0052925 0.0045962 0.94964 0.0019429 0.0019429 0.0038661 0.017552
0.079951 0.031722 0.019933 0.017445 0.76252 0.010085 0.010085 0.018158 0.050099
0.025459 0.13407 0.020771 0.016075 0.73358 0.0066785 0.0066785 0.016782 0.039904
0.0056106 0.94528 0.0050124 0.0045487 0.024214 0.0019117 0.0019117 0.0040538 0.0074536
0.011703 0.8709 0.01045 0.0094905 0.061344 0.0037919 0.0037919 0.0089371 0.019592
0.0041932 0.0081873 0.0035985 0.0032407 0.96867 0.001363 0.001363 0.0027698 0.0066133
0.0057063 0.0091237 0.0046672 0.0038944 0.96229 0.0016249 0.0016249 0.0039411 0.007132
0.0066981 0.010438 0.0056179 0.0048079 0.94893 0.0020287 0.0020287 0.0045169 0.014934
0.013167 0.019401 0.011877 0.0075911 0.91503 0.0032032 0.0032032 0.0073042 0.019226
0.0065955 0.0078562 0.0047961 0.0040566 0.96065 0.001704 0.001704 0.0035971 0.0090413
0.006026 0.014573 0.0054438 0.0051228 0.94542 0.0020914 0.0020914 0.0043285 0.014898
0.0039865 0.0074709 0.0034596 0.003195 0.96987 0.0013101 0.0013101 0.0026137 0.006787
0.0084136 0.014192 0.0077231 0.0062573 0.92597 0.0026523 0.0026523 0.0056942 0.02645
0.0060325 0.0097236 0.0050057 0.004484 0.95226 0.0019037 0.0019037 0.0043961 0.014292
0.0088869 0.010642 0.0058849 0.0052029 0.94495 0.0021964 0.0021964 0.0049889 0.015057
0.010705 0.014823 0.0083561 0.0070193 0.92129 0.0029506 0.0029506 0.0083045 0.023606
0.11518 0.036828 0.030788 0.026772 0.65308 0.026475 0.026475 0.030215 0.054184
0.0050671 0.009363 0.0046149 0.0041789 0.95831 0.0017346 0.0017346 0.0035025 0.01149
0.0053227 0.009852 0.0042955 0.0038621 0.96153 0.0016215 0.0016215 0.003685 0.0082061
0.0054099 0.0097293 0.0049091 0.0041354 0.95928 0.0017426 0.0017426 0.0036048 0.0094427
0.0074094 0.013599 0.0078189 0.0054547 0.94392 0.002256 0.002256 0.0052925 0.011989
0.0062451 0.0098603 0.0047548 0.0041862 0.95848 0.0017542 0.0017542 0.004185 0.0087769
0.0045284 0.007702 0.0038237 0.0034343 0.96767 0.0014337 0.0014337 0.003327 0.0066511
0.0049 0.0082401 0.0044264 0.0037532 0.96476 0.001556 0.001556 0.0039912 0.0068164
0.0055857 0.011031 0.0044666 0.0040414 0.95954 0.0016987 0.0016987 0.0038528 0.0080888
0.005308 0.0097866 0.0048093 0.0042904 0.95784 0.0017715 0.0017715 0.0043151 0.01011
0.0059354 0.011046 0.0053468 0.0047911 0.94984 0.0020198 0.0020198 0.0045423 0.01446
0.00467 0.0082557 0.0041394 0.0035549 0.9657 0.0014916 0.0014916 0.003201 0.0074973
0.011169 0.018305 0.013216 0.009464 0.91009 0.0034311 0.0034311 0.0080438 0.022853
0.0084425 0.014246 0.008293 0.0057508 0.93826 0.0024249 0.0024249 0.0052908 0.014865
0.010912 0.017577 0.011443 0.0074534 0.91601 0.0031356 0.0031356 0.0067589 0.023578
0.0054903 0.015548 0.0055864 0.0043516 0.9528 0.0018399 0.0018399 0.0037213 0.0088213
0.0049357 0.010049 0.0042945 0.0039344 0.96017 0.001661 0.001661 0.0034836 0.0098151
0.015481 0.10397 0.013586 0.012647 0.78629 0.0051928 0.0051928 0.010659 0.04698
0.017407 0.085378 0.016114 0.012902 0.80426 0.0054207 0.0054207 0.014129 0.038966
0.014356 0.73857 0.012953 0.011717 0.17953 0.0048375 0.0048375 0.0099908 0.023204
0.0046043 0.0087397 0.0041607 0.0037566 0.96111 0.0015909 0.0015909 0.0034137 0.011037
0.0055657 0.0093658 0.0052586 0.0047368 0.95077 0.0019399 0.0019399 0.0041146 0.01631
0.012932 0.030988 0.015143 0.010111 0.86396 0.0042706 0.0042706 0.0097291 0.048591
0.0095441 0.022216 0.0082435 0.0070481 0.91979 0.0028742 0.0028742 0.0059148 0.021493
0.0069081 0.9326 0.0061211 0.0055933 0.02947 0.0023841 0.0023841 0.0050377 0.0095043
0.0055076 0.0095055 0.0050944 0.0045255 0.95284 0.0018797 0.0018797 0.0039192 0.014851
0.016235 0.095833 0.014103 0.012969 0.79023 0.0053439 0.0053439 0.011563 0.048377
0.010524 0.883 0.0095503 0.01178 0.053433 0.0036533 0.0036533 0.0079523 0.016453
0.011312 0.88556 0.011251 0.010434 0.042988 0.0071975 0.0071975 0.010439 0.013624
0.013786 0.86715 0.011907 0.013751 0.054692 0.0040678 0.0040678 0.0096208 0.020958
0.0041814 0.0070832 0.0036733 0.003292 0.96871 0.001387 0.001387 0.0029919 0.0072907
0.005112 0.011672 0.0048084 0.0041153 0.95809 0.0016972 0.0016972 0.0033828 0.0094269
0.0040066 0.0076806 0.0038857 0.0040534 0.96605 0.0014103 0.0014103 0.002851 0.0086555
0.006942 0.01232 0.0060411 0.0055669 0.9364 0.0023612 0.0023612 0.0053044 0.0227
0.0083581 0.020661 0.008168 0.0065034 0.92597 0.0027455 0.0027455 0.0063027 0.018547
0.019272 0.42475 0.017654 0.015714 0.46205 0.0064387 0.0064387 0.013399 0.03428
0.004664 0.010033 0.0041787 0.0037596 0.96291 0.0015708 0.0015708 0.0031397 0.0081709
0.005258 0.010938 0.0045819 0.0040405 0.95958 0.0016915 0.0016915 0.003644 0.0085732
0.005466 0.0095136 0.0044174 0.0041026 0.95961 0.0017075 0.0017075 0.0041124 0.0093666
0.012847 0.06212 0.011623 0.0098466 0.85163 0.0041511 0.0041511 0.0089792 0.034648
0.025917 0.37978 0.028535 0.024224 0.4307 0.0086921 0.0086921 0.018928 0.074538
0.013376 0.1829 0.012527 0.011498 0.73874 0.004684 0.004684 0.0092373 0.02235
0.01327 0.86507 0.013458 0.013207 0.036837 0.013094 0.013094 0.01438 0.017591
0.028435 0.18837 0.022395 0.018677 0.63943 0.0076555 0.0076555 0.019357 0.068023
0.0050323 0.0091949 0.0039972 0.003621 0.96451 0.0015141 0.0015141 0.003354 0.0072596
0.0058825 0.0092097 0.0063455 0.004812 0.94938 0.002025 0.002025 0.004232 0.016091
0.0083797 0.0084605 0.0050517 0.0045087 0.9545 0.0018933 0.0018933 0.0039931 0.011324
0.013003 0.046884 0.013681 0.010669 0.86365 0.0043546 0.0043546 0.0097432 0.033665
0.018664 0.084711 0.017001 0.013914 0.77601 0.0058224 0.0058224 0.013137 0.064913
0.0069874 0.93504 0.0065849 0.0060721 0.023646 0.0034003 0.0034003 0.0058137 0.0090522
0.017712 0.77268 0.018957 0.017803 0.1005 0.0174 0.0174 0.018945 0.018597
0.029278 0.086095 0.019152 0.0157 0.76959 0.0069915 0.0069915 0.016078 0.050126
0.017142 0.050952 0.014807 0.01223 0.8175 0.005039 0.005039 0.012605 0.06469
0.0049979 0.010032 0.0043543 0.0039575 0.96114 0.0016507 0.0016507 0.0036034 0.0086173
0.0046966 0.0086948 0.0043181 0.0040181 0.96139 0.0016444 0.0016444 0.0038156 0.0097747
0.0035915 0.006002 0.0033338 0.0029644 0.97228 0.0012491 0.0012491 0.0025822 0.0067498
0.005727 0.011803 0.0047338 0.0043022 0.95706 0.0017901 0.0017901 0.0039803 0.008814
0.006023 0.011123 0.0050738 0.0042855 0.95669 0.0018012 0.0018012 0.0040707 0.0091333
0.0051648 0.0081136 0.0045959 0.0041317 0.95784 0.0017472 0.0017472 0.0037961 0.012868
0.017226 0.032675 0.015421 0.012546 0.86436 0.0045735 0.0045735 0.0098462 0.038775
0.0043369 0.010678 0.0039672 0.0036404 0.9639 0.0014974 0.0014974 0.0030398 0.0074456
0.010093 0.87996 0.010159 0.0094621 0.060602 0.0035301 0.0035301 0.007523 0.015137
0.0050166 0.0096937 0.0044563 0.0039507 0.96096 0.0016649 0.0016649 0.0036117 0.0089796
0.005968 0.0093165 0.0060856 0.0047942 0.94998 0.0020238 0.0020238 0.0047565 0.015056
0.015447 0.067139 0.013922 0.011626 0.84028 0.0047248 0.0047248 0.013173 0.028963
0.0087275 0.020921 0.0071151 0.006113 0.93192 0.0025869 0.0025869 0.0059256 0.014105
0.011938 0.82763 0.010693 0.01073 0.10217 0.0041457 0.0041457 0.0085255 0.020026
0.0038173 0.0074155 0.003466 0.0031782 0.96915 0.0013262 0.0013262 0.0027154 0.007608
0.008781 0.014444 0.0080322 0.0069434 0.9209 0.0029041 0.0029041 0.007105 0.02799
0.0078217 0.018856 0.0069581 0.006014 0.93003 0.002568 0.002568 0.0057462 0.019436
0.0063331 0.94216 0.0056424 0.005436 0.022668 0.002161 0.002161 0.0043499 0.0090856
0.004902 0.0072288 0.0040207 0.0037661 0.96252 0.0015814 0.0015814 0.0034848 0.01092
0.0067531 0.01233 0.0071481 0.0053533 0.94267 0.0022596 0.0022596 0.0049911 0.016238
0.0076508 0.042451 0.0070517 0.0063837 0.91332 0.002679 0.002679 0.0055327 0.012253
0.0062309 0.010186 0.0068747 0.0050785 0.94664 0.0021273 0.0021273 0.0044929 0.016239
0.014298 0.027682 0.025302 0.010959 0.86544 0.0046071 0.0046071 0.01009 0.037018
0.0047247 0.011387 0.0042536 0.003922 0.96058 0.001629 0.001629 0.0034299 0.008449
0.01077 0.019659 0.0092586 0.0080391 0.90129 0.0033944 0.0033944 0.0083747 0.035824
0.016301 0.092418 0.016714 0.012726 0.79825 0.0052532 0.0052532 0.010892 0.042188
0.0056639 0.009466 0.0050807 0.0044953 0.95293 0.0018943 0.0018943 0.0039609 0.014617
0.0059854 0.0098595 0.0054848 0.004759 0.95149 0.0019924 0.0019924 0.004285 0.014154
0.0085132 0.027631 0.0075655 0.0067318 0.91771 0.0028095 0.0028095 0.005992 0.020242
0.016703 0.1549 0.014058 0.012853 0.74422 0.0053343 0.0053343 0.011526 0.035066
0.004315 0.0080175 0.0036222 0.003321 0.96804 0.0013961 0.0013961 0.0030336 0.00686
0.005657 0.0092792 0.0044904 0.004042 0.96026 0.0016741 0.0016741 0.0036231 0.0093029
0.0067507 0.01188 0.006375 0.005164 0.94569 0.0021761 0.0021761 0.0053313 0.014459
0.0083046 0.011813 0.0068253 0.0057278 0.93863 0.0024108 0.0024108 0.0064325 0.01745
0.008711 0.039959 0.0078274 0.0069907 0.90584 0.0029702 0.0029702 0.0061073 0.018626
0.13007 0.028796 0.029911 0.023367 0.67897 0.02346 0.02346 0.030399 0.031559
0.0052759 0.0085221 0.0041167 0.003697 0.96406 0.0015429 0.0015429 0.0034378 0.0078031
0.004839 0.010009 0.0042059 0.003838 0.96225 0.0016013 0.0016013 0.0034065 0.0082502
0.0072911 0.011933 0.0051192 0.0046589 0.95239 0.0019251 0.0019251 0.0042438 0.01051
0.0057906 0.0094693 0.0042139 0.0039681 0.96154 0.0016335 0.0016335 0.0040266 0.0077233
0.0055703 0.009746 0.0046415 0.0043265 0.95583 0.0018091 0.0018091 0.0038309 0.012438
0.0048425 0.0078545 0.0041603 0.0037809 0.96274 0.0015818 0.0015818 0.003473 0.0099852
0.0050177 0.0082413 0.0044635 0.0040709 0.95823 0.0017123 0.0017123 0.0036511 0.012898
0.005633 0.0086407 0.0056902 0.0043992 0.95424 0.0018585 0.0018585 0.0036769 0.013999
0.0092287 0.01611 0.013755 0.0071111 0.92244 0.0029712 0.0029712 0.0065507 0.018859
0.0055667 0.0093591 0.0043183 0.0040346 0.96121 0.0016573 0.0016573 0.0037452 0.0084534
0.0048014 0.0076604 0.0039156 0.0037423 0.96332 0.0015621 0.0015621 0.0035084 0.0099304
0.0060928 0.0098576 0.0063804 0.0048142 0.9508 0.0020259 0.0020259 0.0045475 0.013453
0.018225 0.44074 0.016427 0.016388 0.44691 0.0062922 0.0062922 0.013136 0.035593
0.0041697 0.0083037 0.003563 0.0033111 0.96793 0.0013884 0.0013884 0.0028383 0.0071079
0.0044196 0.0085534 0.0039938 0.0035477 0.9654 0.0014925 0.0014925 0.0031086 0.0079923
0.0059446 0.009132 0.0047413 0.0043947 0.95627 0.0018393 0.0018393 0.0045085 0.011332
0.0081554 0.019215 0.0069527 0.0067361 0.92859 0.0026559 0.0026559 0.005499 0.019542
0.012701 0.10108 0.011024 0.010603 0.82547 0.0041551 0.0041551 0.0090073 0.021804
0.010426 0.039514 0.0099381 0.0082228 0.8938 0.0034306 0.0034306 0.0070165 0.02422
0.0075886 0.025255 0.0070958 0.0080982 0.92279 0.0027251 0.0027251 0.0059053 0.017822
0.0054966 0.013562 0.0047814 0.0056716 0.95279 0.0018867 0.0018867 0.0037848 0.010145
0.0044381 0.0069451 0.0042183 0.0036162 0.96493 0.0015119 0.0015119 0.0036592 0.00917
0.0055302 0.0082538 0.0042981 0.0040956 0.95821 0.0017223 0.0017223 0.003766 0.012401
0.0058881 0.0092922 0.004745 0.0043258 0.95649 0.0018098 0.0018098 0.0039999 0.011642
0.0047514 0.011045 0.0042202 0.0040828 0.96035 0.0016466 0.0016466 0.0033193 0.0089382
0.010542 0.86019 0.0095238 0.0089987 0.080722 0.0036883 0.0036883 0.0077764 0.01487
0.0090722 0.89864 0.0090014 0.007869 0.048227 0.0036462 0.0036462 0.0068004 0.013098
0.024496 0.10199 0.02133 0.017305 0.74694 0.0067573 0.0067573 0.022651 0.051773
0.006511 0.023226 0.0063739 0.0055404 0.93713 0.0022845 0.0022845 0.0046812 0.011973
0.0049899 0.0088671 0.0042102 0.0038675 0.96237 0.001611 0.001611 0.0036546 0.0088181
0.0094257 0.017718 0.013081 0.0073654 0.92065 0.0030702 0.0030702 0.0066452 0.018973
0.0054081 0.012881 0.0048078 0.0043954 0.95458 0.0018317 0.0018317 0.0038049 0.01046
0.0047588 0.010567 0.0041866 0.0040481 0.96117 0.0016195 0.0016195 0.0034609 0.0085722
0.0052874 0.010136 0.0047439 0.0042293 0.95466 0.0017991 0.0017991 0.0037054 0.013639
0.011452 0.8848 0.011575 0.011062 0.032377 0.01132 0.01132 0.012912 0.013182
0.027826 0.38877 0.028178 0.031404 0.40988 0.026127 0.026127 0.029866 0.031828
0.011899 0.052977 0.01033 0.0092199 0.8724 0.0038199 0.0038199 0.0075496 0.027986
0.0049973 0.0087672 0.0043036 0.0039982 0.95949 0.0016777 0.0016777 0.0034319 0.011659
0.0044632 0.0079115 0.0039947 0.0036668 0.96305 0.0015484 0.0015484 0.0031385 0.010675
0.0073214 0.019371 0.0065336 0.0059901 0.93306 0.0025045 0.0025045 0.0058579 0.016857
0.015584 0.052344 0.014901 0.012466 0.81298 0.0051887 0.0051887 0.01245 0.068899
0.0047821 0.0079568 0.004172 0.003946 0.95927 0.0016551 0.0016551 0.0035161 0.013043
0.0049189 0.0081226 0.0041701 0.0038318 0.96217 0.0016057 0.0016057 0.0035602 0.010012
0.0048957 0.0085812 0.0042497 0.0037783 0.96251 0.0015765 0.0015765 0.0032615 0.0095749
0.0042327 0.0076236 0.0037362 0.0034621 0.96761 0.0014334 0.0014334 0.0032009 0.0072687
0.0056671 0.011312 0.0050932 0.0046265 0.95107 0.0019446 0.0019446 0.0040569 0.014287
