0.011774 0.072674 0.0094266 0.0083249 0.86709 0.0035105 0.0035105 0.0086127 0.01508
0.0097474 0.042938 0.0075548 0.0067502 0.90749 0.0028436 0.0028436 0.0070916 0.012742
0.0058198 0.019829 0.0045043 0.0042384 0.95091 0.0017743 0.0017743 0.0039589 0.0071903
0.0052473 0.012084 0.0048106 0.0040766 0.959 0.0016951 0.0016951 0.0038922 0.0075026
0.0051109 0.011245 0.0050221 0.0040265 0.95967 0.0016727 0.0016727 0.0035349 0.0080456
0.0040558 0.0084622 0.003519 0.0032313 0.96874 0.00135 0.00135 0.0029056 0.0063812
0.0042185 0.0081904 0.0037504 0.0034299 0.96726 0.001427 0.001427 0.0030595 0.0072333
0.0045719 0.009433 0.0040785 0.0035825 0.96408 0.0015083 0.0015083 0.0031951 0.008038
0.0047063 0.0094172 0.0038831 0.003625 0.96287 0.0015252 0.0015252 0.0032398 0.0092054
0.005011 0.0091174 0.0044284 0.0039897 0.95964 0.0016754 0.0016754 0.0037547 0.010706
0.0053971 0.010647 0.0051561 0.004299 0.95545 0.0017854 0.0017854 0.0041301 0.011354
0.0044199 0.0086167 0.0041611 0.0036738 0.96379 0.0015348 0.0015348 0.0033418 0.0089258
0.005086 0.010443 0.0045026 0.0042425 0.95706 0.0017527 0.0017527 0.0038917 0.01127
0.005384 0.010913 0.0050675 0.0044516 0.95538 0.0018357 0.0018357 0.0041119 0.011022
0.0048 0.0089055 0.0042761 0.0037469 0.96342 0.0015319 0.0015319 0.0033509 0.0084341
0.0088099 0.015785 0.0071359 0.0060079 0.93561 0.0024738 0.0024738 0.0065939 0.01511
0.011209 0.017857 0.00804 0.0067875 0.9226 0.0028233 0.0028233 0.0060856 0.02178
0.0045294 0.0063866 0.0037001 0.0033018 0.96916 0.00138 0.00138 0.0029613 0.0072045
0.0097724 0.01347 0.0076903 0.006819 0.92208 0.0028075 0.0028075 0.0068935 0.027659
0.015207 0.019432 0.010859 0.0088651 0.88548 0.0037172 0.0037172 0.008618 0.044103
0.021089 0.031645 0.01173 0.0098868 0.87896 0.0041272 0.0041272 0.011213 0.027218
0.069708 0.031641 0.012928 0.012047 0.82119 0.0049644 0.0049644 0.011303 0.031254
0.020699 0.028434 0.010579 0.0089337 0.88992 0.00372 0.00372 0.0084456 0.02555
0.0091439 0.01805 0.0079089 0.0065136 0.92611 0.0027188 0.0027188 0.0064622 0.020374
0.010381 0.026199 0.0096228 0.0078302 0.90254 0.0032995 0.0032995 0.008344 0.028482
0.021282 0.045064 0.020875 0.015799 0.71935 0.0067251 0.0067251 0.021077 0.1431
0.033388 0.038873 0.027686 0.019365 0.36024 0.008087 0.008087 0.023399 0.48088
0.03055 0.039003 0.019407 0.01509 0.78362 0.0063537 0.0063537 0.02415 0.075471
0.032916 0.038114 0.023687 0.017806 0.1914 0.0074466 0.0074466 0.023479 0.65771
0.018125 0.021058 0.012825 0.010281 0.052271 0.0042983 0.0042983 0.014121 0.86272
0.014852 0.020308 0.013931 0.0097572 0.054346 0.0040943 0.0040943 0.011547 0.86707
0.0095465 0.012751 0.0084775 0.0064526 0.030025 0.0027489 0.0027489 0.0080209 0.91923
0.019087 0.029113 0.028786 0.012413 0.063618 0.0052433 0.0052433 0.016571 0.81993
0.0053772 0.0076167 0.0044584 0.0039516 0.014228 0.0016637 0.0016637 0.0041769 0.95686
0.01075 0.017626 0.016566 0.010094 0.027459 0.0036045 0.0036045 0.012359 0.89794
0.019087 0.03629 0.018395 0.01447 0.079452 0.0059403 0.0059403 0.030432 0.78999
0.01532 0.029026 0.018316 0.01135 0.049243 0.0046213 0.0046213 0.013913 0.85359
0.023969 0.043611 0.032361 0.015176 0.07401 0.0065518 0.0065518 0.022382 0.77539
0.02679 0.043153 0.020903 0.017372 0.088245 0.0072688 0.0072688 0.049738 0.73926
0.021923 0.034269 0.020754 0.01548 0.062907 0.0060552 0.0060552 0.029183 0.80337
0.031669 0.054323 0.037482 0.024315 0.14872 0.010049 0.010049 0.10127 0.58212
0.036317 0.057702 0.038161 0.026168 0.17992 0.01095 0.01095 0.12943 0.51041
0.033612 0.055088 0.035073 0.025354 0.14276 0.010812 0.010812 0.16094 0.52555
0.035426 0.061403 0.040925 0.025085 0.16748 0.01087 0.01087 0.076664 0.57128
0.040393 0.07492 0.044248 0.02878 0.14261 0.015933 0.015933 0.073344 0.56384
0.23306 0.063139 0.050821 0.065397 0.25672 0.043409 0.043409 0.073205 0.17084
0.11571 0.044747 0.038898 0.032119 0.091899 0.031572 0.031572 0.051639 0.56184
0.16743 0.043238 0.021022 0.020774 0.61277 0.0082204 0.0082204 0.018195 0.10012
0.01634 0.035043 0.01434 0.011492 0.79897 0.0048638 0.0048638 0.011871 0.10222
0.020022 0.058709 0.016351 0.012695 0.8076 0.0054508 0.0054508 0.01263 0.061095
0.031932 0.12265 0.019651 0.01624 0.73045 0.0068491 0.0068491 0.015391 0.049985
0.0085203 0.027055 0.007889 0.0068833 0.91908 0.0028266 0.0028266 0.0066343 0.018284
0.007806 0.026798 0.0082142 0.0066422 0.92143 0.0027405 0.0027405 0.0059136 0.017718
0.0090844 0.016644 0.0092213 0.0077098 0.91477 0.003097 0.003097 0.0098845 0.026495
0.010205 0.018622 0.0080775 0.0075833 0.91594 0.0030096 0.0030096 0.0086336 0.024915
0.0086518 0.015276 0.0081448 0.0073085 0.9209 0.0029469 0.0029469 0.011289 0.022538
0.0077767 0.013458 0.0071332 0.0065237 0.93165 0.0026432 0.0026432 0.0090117 0.019164
0.0083714 0.014381 0.0083617 0.0070094 0.92643 0.0028256 0.0028256 0.0092156 0.020583
0.01256 0.026253 0.014035 0.01068 0.87201 0.0042937 0.0042937 0.015829 0.040045
0.012593 0.024929 0.014649 0.010951 0.8634 0.0043335 0.0043335 0.013256 0.051555
0.01638 0.032103 0.013791 0.010511 0.85629 0.0044417 0.0044417 0.011225 0.050819
0.021254 0.031732 0.020896 0.01706 0.074636 0.0079615 0.0079615 0.065792 0.75271
0.0091336 0.01524 0.0082458 0.0076351 0.91703 0.0030657 0.0030657 0.011778 0.024802
0.028687 0.047904 0.030943 0.021632 0.10431 0.0091382 0.0091382 0.11704 0.6312
0.0084223 0.014295 0.0080237 0.0069914 0.92623 0.0028307 0.0028307 0.010436 0.019938
0.28348 0.053696 0.029382 0.024267 0.44073 0.010226 0.010226 0.028254 0.11974
0.030639 0.067907 0.020605 0.015611 0.7696 0.006566 0.006566 0.01666 0.065846
0.0063572 0.0088207 0.0048328 0.0042277 0.95718 0.0017746 0.0017746 0.0040593 0.010976
0.011296 0.025659 0.008744 0.0078032 0.90058 0.0032996 0.0032996 0.0077065 0.031607
0.017071 0.03085 0.013395 0.011289 0.85181 0.004509 0.004509 0.011549 0.05502
0.0076595 0.015224 0.0074439 0.0064424 0.9261 0.002667 0.002667 0.006716 0.02508
0.0075176 0.0098323 0.0051928 0.0046262 0.95304 0.0019372 0.0019372 0.0046165 0.011296
0.032376 0.040122 0.028262 0.019871 0.32017 0.0082209 0.0082209 0.02781 0.51494
0.040327 0.039583 0.029181 0.01994 0.36651 0.0082727 0.0082727 0.021808 0.4661
0.0095469 0.014544 0.0088864 0.0074391 0.030785 0.0030914 0.0030914 0.012326 0.91029
0.0068828 0.0090912 0.0046218 0.0042189 0.9579 0.0017745 0.0017745 0.0041144 0.0096258
0.010944 0.024592 0.0089914 0.0081515 0.88719 0.0034198 0.0034198 0.0072432 0.046043
0.16318 0.04565 0.023991 0.020348 0.60209 0.0086199 0.0086199 0.020538 0.10697
0.0090831 0.017046 0.0081689 0.0074115 0.91656 0.0030526 0.0030526 0.011751 0.02387
0.02823 0.054377 0.029025 0.019405 0.083321 0.008161 0.008161 0.058395 0.71092
0.022248 0.036325 0.025306 0.017467 0.074219 0.0074844 0.0074844 0.078892 0.73057
0.022901 0.0391 0.021796 0.016817 0.10628 0.010931 0.010931 0.018219 0.75303
0.009488 0.020166 0.00866 0.0077379 0.91313 0.0031275 0.0031275 0.011933 0.022625
0.015377 0.027702 0.013453 0.012377 0.74099 0.005229 0.005229 0.014151 0.16549
0.018115 0.029354 0.020261 0.01425 0.06151 0.0060009 0.0060009 0.043337 0.80117
0.020983 0.036238 0.026134 0.016667 0.067707 0.0076306 0.0076306 0.039129 0.77788
0.023724 0.058132 0.018448 0.01474 0.73198 0.0063436 0.0063436 0.016085 0.1242
0.018721 0.060941 0.015745 0.013119 0.81319 0.0054103 0.0054103 0.012511 0.054948
0.023246 0.03385 0.035103 0.016048 0.10805 0.006824 0.006824 0.022978 0.74707
0.012035 0.019609 0.017649 0.0095313 0.045736 0.0040329 0.0040329 0.014194 0.87318
0.028814 0.069489 0.040848 0.022753 0.15629 0.0096053 0.0096053 0.063905 0.59869
0.017496 0.041751 0.026171 0.014339 0.048032 0.0074266 0.0074266 0.020029 0.81733
0.011137 0.026444 0.011464 0.0091417 0.89015 0.0037338 0.0037338 0.011107 0.033093
0.0084108 0.016259 0.0081574 0.0074349 0.92049 0.0029091 0.0029091 0.0086006 0.02483
0.0080339 0.014925 0.0075781 0.0068234 0.92341 0.0027757 0.0027757 0.0074222 0.026254
0.0083619 0.015133 0.0073995 0.0069406 0.91839 0.0028612 0.0028612 0.0087039 0.029352
0.010667 0.026106 0.0089441 0.0084458 0.88816 0.0034927 0.0034927 0.0082154 0.042478
0.019814 0.033644 0.021739 0.014348 0.76653 0.0059976 0.0059976 0.018791 0.11314
0.011236 0.023579 0.012035 0.0097149 0.8779 0.003918 0.003918 0.0096802 0.048015
0.0058444 0.011243 0.0054423 0.0050769 0.94978 0.0020221 0.0020221 0.005094 0.013473
0.12756 0.057594 0.026984 0.021538 0.60337 0.0089672 0.0089672 0.01893 0.12609
0.0094721 0.017971 0.0081923 0.0076468 0.91094 0.0031121 0.0031121 0.0079995 0.031552
0.012401 0.026204 0.011073 0.0098784 0.8729 0.0040062 0.0040062 0.0095103 0.050025
0.015217 0.048433 0.011838 0.010799 0.84499 0.0045445 0.0045445 0.0094786 0.050155
0.020553 0.041729 0.019439 0.015715 0.60469 0.0066427 0.0066427 0.017225 0.26736
0.018592 0.028172 0.019121 0.013914 0.14647 0.0057707 0.0057707 0.017114 0.74507
0.017074 0.02189 0.015232 0.010746 0.078188 0.0045386 0.0045386 0.010909 0.83688
0.038979 0.061391 0.033458 0.027068 0.14893 0.019326 0.019326 0.040296 0.61123
0.20887 0.048565 0.024509 0.021163 0.55805 0.0089024 0.0089024 0.019713 0.10133
0.013278 0.039304 0.011653 0.010071 0.85679 0.0042122 0.0042122 0.010248 0.050229
0.0082609 0.016537 0.0080242 0.0072061 0.92056 0.0028639 0.0028639 0.0071394 0.026549
0.0077233 0.029562 0.0064493 0.0057699 0.92933 0.0024054 0.0024054 0.0056274 0.010723
0.005365 0.012904 0.0043284 0.0039215 0.95968 0.001625 0.001625 0.0035633 0.006986
0.0053202 0.011657 0.0046799 0.0042774 0.95601 0.0017993 0.0017993 0.0041786 0.010283
0.0058509 0.012678 0.0045209 0.005371 0.95321 0.0018555 0.0018555 0.003872 0.010782
0.0060603 0.007876 0.0045743 0.0040906 0.95885 0.0017185 0.0017185 0.0036392 0.011475
0.0061471 0.0082736 0.0047116 0.0040195 0.96013 0.0016947 0.0016947 0.0039749 0.0093554
0.0060629 0.0080904 0.0045459 0.0040688 0.95964 0.0016998 0.0016998 0.0038164 0.010375
0.023395 0.025132 0.019342 0.01338 0.11758 0.0055923 0.0055923 0.015401 0.77458
0.010478 0.014531 0.011601 0.007434 0.041854 0.0031658 0.0031658 0.009495 0.89827
0.018873 0.028355 0.026373 0.014472 0.080898 0.006871 0.006871 0.017949 0.79934
0.28129 0.047301 0.049625 0.046918 0.30492 0.038539 0.038539 0.050695 0.14218
0.0054118 0.011458 0.0047463 0.0046243 0.9546 0.0018311 0.0018311 0.0038608 0.011633
0.0077645 0.017249 0.0071504 0.0077752 0.92525 0.0027011 0.0027011 0.0057273 0.023681
0.0080863 0.015055 0.006863 0.0059578 0.93501 0.0024436 0.0024436 0.005057 0.019084
0.012104 0.029707 0.011627 0.0098463 0.85175 0.0041886 0.0041886 0.0096239 0.066963
0.010018 0.032057 0.0088448 0.0073502 0.91047 0.0030525 0.0030525 0.0062259 0.018933
0.015966 0.06071 0.014514 0.016763 0.84508 0.0048138 0.0048138 0.013886 0.023453
0.0119 0.036135 0.0098054 0.010005 0.891 0.0036607 0.0036607 0.0080255 0.025803
0.0060909 0.014302 0.0057813 0.0052522 0.94851 0.0020495 0.0020495 0.0040492 0.011918
0.0078327 0.017645 0.0068153 0.0061044 0.93344 0.002488 0.002488 0.005262 0.017929
0.010203 0.028447 0.0079673 0.0087526 0.9134 0.0030596 0.0030596 0.0073183 0.017791
0.029897 0.23163 0.029506 0.042662 0.52173 0.0098668 0.0098668 0.02484 0.10001
0.015567 0.054278 0.013327 0.012288 0.80674 0.0051772 0.0051772 0.011211 0.076236
0.010147 0.024696 0.009112 0.0082947 0.90403 0.0032879 0.0032879 0.0073294 0.029818
0.0085544 0.019446 0.0085701 0.0072313 0.91629 0.002949 0.002949 0.0066735 0.027333
0.0051938 0.0095199 0.0048432 0.0044233 0.95581 0.0017947 0.0017947 0.0040202 0.012596
0.014725 0.033185 0.012435 0.011414 0.83251 0.0047546 0.0047546 0.014183 0.072041
0.015878 0.032026 0.025469 0.012665 0.057627 0.0053647 0.0053647 0.021152 0.82445
0.019786 0.20073 0.01605 0.014848 0.6887 0.0058381 0.0058381 0.012096 0.036118
0.024934 0.25851 0.024416 0.025013 0.59506 0.0073967 0.0073967 0.016999 0.040267
0.0090112 0.028482 0.0084247 0.0079209 0.913 0.0030063 0.0030063 0.0060975 0.021048
0.022875 0.046626 0.023667 0.020134 0.53588 0.0079105 0.0079105 0.027492 0.30751
0.011937 0.020286 0.020519 0.0095502 0.03729 0.0040251 0.0040251 0.013735 0.87863
0.016502 0.023843 0.016364 0.010543 0.035263 0.0044254 0.0044254 0.021567 0.86707
0.010572 0.017276 0.016431 0.0082685 0.033662 0.0035119 0.0035119 0.011276 0.89549
0.013066 0.020334 0.011023 0.0093176 0.048752 0.0045625 0.0045625 0.0092355 0.87915
0.019019 0.038767 0.021761 0.015385 0.075315 0.0090307 0.0090307 0.018728 0.79296
0.018139 0.028516 0.016696 0.013348 0.23731 0.0055625 0.0055625 0.012904 0.66196
0.023873 0.036105 0.024078 0.020611 0.076602 0.019548 0.019548 0.022478 0.75716
0.0056685 0.0074532 0.0039728 0.0037205 0.96365 0.0015607 0.0015607 0.0037832 0.0086322
0.0072689 0.014349 0.006489 0.0058833 0.92817 0.002497 0.002497 0.0052329 0.027615
0.014135 0.034305 0.011798 0.01061 0.85084 0.0044645 0.0044645 0.0093009 0.060086
0.0077665 0.015692 0.0064661 0.0061485 0.93694 0.0023873 0.0023873 0.0048225 0.017388
0.010014 0.020974 0.0084842 0.0074777 0.91444 0.0029974 0.0029974 0.0069299 0.025682
0.012129 0.055045 0.011672 0.0087005 0.86942 0.0037976 0.0037976 0.0078389 0.027601
0.0054127 0.014853 0.0050862 0.0043054 0.9552 0.0017788 0.0017788 0.003998 0.0075865
0.0062738 0.013891 0.0062216 0.0053643 0.9427 0.0022037 0.0022037 0.0054236 0.015722
0.006964 0.0094259 0.0052002 0.0045047 0.95415 0.0018913 0.0018913 0.0046393 0.011336
0.0061886 0.0087459 0.0078893 0.0044834 0.012187 0.001915 0.001915 0.0054434 0.95123
0.011911 0.015401 0.010097 0.0073202 0.018482 0.0030351 0.0030351 0.013927 0.91679
0.016148 0.047794 0.012084 0.010852 0.85624 0.0044295 0.0044295 0.0093352 0.038684
0.006265 0.015956 0.0052498 0.0054799 0.9494 0.0019908 0.0019908 0.0045577 0.0091057
0.0084933 0.020192 0.0073288 0.0068427 0.92217 0.0027412 0.0027412 0.0060088 0.023482
0.0084096 0.020913 0.0077189 0.0066915 0.91676 0.0028447 0.0028447 0.0060826 0.027734
0.0099278 0.028136 0.0086861 0.0080885 0.9012 0.0032678 0.0032678 0.0075841 0.029839
0.006585 0.0097362 0.0098116 0.0051539 0.013754 0.002161 0.002161 0.0066537 0.94398
0.0080082 0.01166 0.011524 0.0067057 0.019339 0.0025885 0.0025885 0.0075985 0.92999
0.012927 0.018952 0.017702 0.008835 0.034566 0.003743 0.003743 0.010532 0.889
0.014133 0.060928 0.011855 0.010214 0.85252 0.0042835 0.0042835 0.0083603 0.033418
0.014085 0.059697 0.013698 0.011413 0.82055 0.0048263 0.0048263 0.011377 0.059532
0.017791 0.26803 0.016853 0.015815 0.62514 0.0058608 0.0058608 0.011994 0.032655
0.011164 0.024618 0.0075484 0.0070554 0.91515 0.0029893 0.0029893 0.0060764 0.022413
0.020848 0.060428 0.022668 0.016122 0.70915 0.0067762 0.0067762 0.013408 0.14383
0.020756 0.051273 0.01929 0.01702 0.60474 0.0070933 0.0070933 0.020572 0.25216
0.0070973 0.0097664 0.0065205 0.0050229 0.023384 0.0021522 0.0021522 0.0050274 0.93888
0.0076727 0.011776 0.0081285 0.0057337 0.023167 0.0024168 0.0024168 0.0061617 0.93253
0.010851 0.01598 0.017057 0.0078405 0.02125 0.0032391 0.0032391 0.0099105 0.91063
0.010576 0.016072 0.0095552 0.0081118 0.052903 0.003475 0.003475 0.0093172 0.88652
0.0089858 0.016901 0.0081879 0.0068134 0.02952 0.0030279 0.0030279 0.0069204 0.91662
0.020249 0.31147 0.018112 0.019922 0.57123 0.0064415 0.0064415 0.012927 0.033207
0.023792 0.14905 0.017361 0.016009 0.73449 0.0060227 0.0060227 0.01246 0.034789
0.010473 0.026802 0.012213 0.0086766 0.88833 0.0035893 0.0035893 0.0074699 0.038861
0.012877 0.028558 0.012973 0.0095093 0.87431 0.0039512 0.0039512 0.008303 0.045565
0.012431 0.026915 0.013301 0.009398 0.87653 0.0038663 0.0038663 0.0085167 0.045179
0.019579 0.045344 0.018621 0.016367 0.37449 0.0067996 0.0067996 0.016204 0.4958
0.01783 0.036694 0.018026 0.014435 0.23747 0.0060421 0.0060421 0.015673 0.64779
0.0062026 0.0096809 0.0061542 0.0047865 0.01878 0.0020114 0.0020114 0.0050985 0.94527
0.014376 0.023669 0.012188 0.0099431 0.073392 0.004435 0.004435 0.0095194 0.84804
0.0208 0.13685 0.016272 0.014297 0.72569 0.0060894 0.0060894 0.013541 0.06037
0.006277 0.015384 0.0050998 0.0047994 0.94809 0.0019927 0.0019927 0.0041791 0.012184
0.022403 0.25834 0.0188 0.018357 0.58625 0.0073257 0.0073257 0.015835 0.065362
0.018979 0.041825 0.017042 0.01618 0.2349 0.00637 0.00637 0.016249 0.64208
0.015934 0.021992 0.014879 0.010524 0.063504 0.0044112 0.0044112 0.01367 0.85068
0.010132 0.01445 0.0090157 0.0074873 0.041832 0.0031302 0.0031302 0.0086148 0.90221
0.011197 0.015782 0.010235 0.0079352 0.048002 0.0033121 0.0033121 0.0078201 0.8924
0.0099157 0.015942 0.011693 0.0076861 0.031642 0.003129 0.003129 0.0076146 0.90925
0.010043 0.014441 0.0088193 0.0077702 0.063397 0.0032679 0.0032679 0.0084122 0.88058
0.019849 0.52164 0.019795 0.020874 0.35452 0.0066602 0.0066602 0.014666 0.035341
0.0056503 0.012902 0.0054673 0.0046267 0.95121 0.0019194 0.0019194 0.0041333 0.012168
0.0077376 0.011075 0.0058163 0.0052349 0.94456 0.0021833 0.0021833 0.0050137 0.016197
0.013717 0.079548 0.012617 0.010784 0.83268 0.0044206 0.0044206 0.010018 0.031799
0.021107 0.047515 0.018667 0.017018 0.49983 0.0071372 0.0071372 0.018546 0.36305
0.019731 0.029294 0.015085 0.012456 0.089694 0.0055365 0.0055365 0.011042 0.81163
0.23787 0.052149 0.029821 0.023301 0.49524 0.0096462 0.0096462 0.021857 0.12048
0.23023 0.05148 0.028803 0.024879 0.39235 0.010212 0.010212 0.021954 0.22989
0.011845 0.028841 0.0097424 0.0084339 0.89796 0.0035372 0.0035372 0.0079428 0.028162
0.0053456 0.013373 0.0049418 0.0042592 0.95645 0.001769 0.001769 0.0041729 0.007918
0.0058375 0.0073084 0.0041226 0.0037435 0.96314 0.0015654 0.0015654 0.00344 0.0092816
0.0049034 0.0093875 0.0045343 0.0039277 0.9592 0.0016664 0.0016664 0.0033345 0.011379
0.0073387 0.014171 0.0068458 0.0059129 0.93096 0.0025001 0.0025001 0.0058262 0.023941
0.02025 0.036414 0.017972 0.015784 0.40363 0.0065881 0.0065881 0.018294 0.47448
0.012986 0.018578 0.010881 0.0087875 0.042534 0.0036729 0.0036729 0.012371 0.88652
0.015479 0.020543 0.014137 0.010165 0.061691 0.004292 0.004292 0.013617 0.85578
0.011494 0.017109 0.012027 0.0090409 0.03326 0.0037206 0.0037206 0.016724 0.8929
0.011024 0.017616 0.011023 0.0084847 0.053112 0.0034947 0.0034947 0.0088104 0.88294
0.011724 0.017761 0.011279 0.0080558 0.042515 0.0034443 0.0034443 0.0085842 0.89319
0.32562 0.054827 0.034391 0.026447 0.30468 0.010817 0.010817 0.024756 0.20764
0.01956 0.035326 0.015262 0.012472 0.78656 0.0052185 0.0052185 0.013131 0.10725
0.016467 0.66398 0.015248 0.013032 0.23296 0.0055704 0.0055704 0.012957 0.034214
0.015769 0.021919 0.013336 0.0096935 0.059856 0.0041062 0.0041062 0.010553 0.86066
0.0050537 0.007366 0.0045121 0.003956 0.0142 0.0016377 0.0016377 0.0038254 0.95781
0.011995 0.027414 0.012558 0.0094348 0.86229 0.0040489 0.0040489 0.0097723 0.058435
0.0067168 0.0089949 0.0051387 0.0044297 0.95496 0.0018617 0.0018617 0.0045076 0.01153
0.015457 0.047967 0.014877 0.013305 0.764 0.0054116 0.0054116 0.011148 0.12242
0.020698 0.051671 0.018787 0.016767 0.52071 0.0070954 0.0070954 0.017355 0.33982
0.019702 0.049322 0.016601 0.014667 0.71434 0.0061418 0.0061418 0.013507 0.15958
0.0072336 0.010685 0.006921 0.0055581 0.022432 0.0023337 0.0023337 0.0076903 0.93481
0.0097476 0.01455 0.0095034 0.0070188 0.028851 0.0029391 0.0029391 0.009521 0.91493
0.0063974 0.01049 0.0066091 0.0052132 0.018929 0.0021311 0.0021311 0.0056606 0.94244
0.0095357 0.014288 0.0097698 0.0076854 0.064577 0.0031666 0.0031666 0.0069611 0.88085
0.016411 0.023706 0.013011 0.011129 0.083333 0.0047263 0.0047263 0.014864 0.82809
0.018558 0.026193 0.01442 0.011328 0.057373 0.0053331 0.0053331 0.011528 0.84993
0.0059172 0.012791 0.0050793 0.0046674 0.95221 0.0019236 0.0019236 0.0039944 0.011496
0.018137 0.044829 0.01766 0.015183 0.67044 0.0063194 0.0063194 0.013654 0.20745
0.034272 0.057584 0.023755 0.01873 0.30429 0.0079004 0.0079004 0.017861 0.5277
0.020498 0.037186 0.017555 0.014786 0.28843 0.0063229 0.0063229 0.0146 0.5943
0.018049 0.20539 0.015495 0.016575 0.66453 0.006152 0.006152 0.012173 0.055479
0.023025 0.58766 0.019285 0.018108 0.22414 0.0074031 0.0074031 0.01936 0.09362
0.02454 0.43573 0.02661 0.022212 0.41505 0.0075658 0.0075658 0.016807 0.043917
0.0076506 0.014048 0.0070776 0.006245 0.92852 0.0026315 0.0026315 0.0059295 0.02527
0.015006 0.023392 0.012324 0.010361 0.058721 0.005053 0.005053 0.010627 0.85946
0.027201 0.045898 0.022712 0.021556 0.10189 0.021341 0.021341 0.023106 0.71496
0.022542 0.18734 0.019552 0.020811 0.63178 0.0074691 0.0074691 0.015866 0.087167
0.01679 0.066532 0.014079 0.012293 0.81766 0.005042 0.005042 0.010473 0.052091
0.012268 0.030452 0.010091 0.0099249 0.8993 0.0035865 0.0035865 0.0079492 0.022838
0.0075178 0.010235 0.0056474 0.0053544 0.026893 0.0022518 0.0022518 0.0061538 0.9337
0.01279 0.019006 0.013105 0.0095292 0.083352 0.0040117 0.0040117 0.0092965 0.8449
0.025693 0.5829 0.023195 0.018772 0.23407 0.0079183 0.0079183 0.023545 0.075993
0.013694 0.096743 0.016282 0.012628 0.81522 0.0046984 0.0046984 0.0096778 0.02636
0.0085032 0.0238 0.0086917 0.0083187 0.91406 0.0029915 0.0029915 0.006462 0.024185
0.004689 0.0075182 0.0041602 0.003519 0.96668 0.0014737 0.0014737 0.0033897 0.0070924
0.013089 0.017756 0.010552 0.0088062 0.054155 0.0036798 0.0036798 0.010696 0.87759
0.0083652 0.013388 0.0066569 0.00625 0.032763 0.0025991 0.0025991 0.006667 0.92071
0.018082 0.032974 0.016601 0.012001 0.055968 0.0063396 0.0063396 0.011805 0.83989
0.011796 0.029811 0.013593 0.0098783 0.85518 0.0041183 0.0041183 0.0091549 0.062347
0.015758 0.035947 0.015632 0.011992 0.84588 0.0047706 0.0047706 0.013938 0.051308
0.032738 0.071235 0.045765 0.024916 0.61987 0.0092163 0.0092163 0.030291 0.15675
0.0049316 0.0068545 0.003819 0.0034371 0.96706 0.0014465 0.0014465 0.0032949 0.0077058
0.0063608 0.0084116 0.0049897 0.0043573 0.95615 0.0018325 0.0018325 0.0040139 0.012055
0.0067283 0.0082805 0.0047036 0.0043037 0.95654 0.0017974 0.0017974 0.0040246 0.011824
0.011785 0.019588 0.0081632 0.0068913 0.91996 0.0029192 0.0029192 0.0069303 0.020848
0.0068209 0.011461 0.0061616 0.0055711 0.93113 0.0023168 0.0023168 0.0046125 0.02961
0.019126 0.054931 0.017337 0.01551 0.27887 0.0066051 0.0066051 0.015325 0.58569
0.0074909 0.011434 0.0062952 0.005561 0.034572 0.0023479 0.0023479 0.0052922 0.92466
0.0070319 0.010143 0.0062239 0.0052355 0.021541 0.0021729 0.0021729 0.0053304 0.94015
0.1866 0.043511 0.040232 0.048806 0.42286 0.036038 0.036038 0.041862 0.14405
0.021052 0.035464 0.032892 0.016705 0.6193 0.0069069 0.0069069 0.016284 0.24448
0.027732 0.056199 0.078395 0.021178 0.54826 0.0088905 0.0088905 0.021015 0.22944
0.0090025 0.012642 0.0071541 0.0061233 0.93213 0.0025794 0.0025794 0.0060797 0.021705
0.012027 0.017238 0.011486 0.009232 0.030168 0.0062327 0.0062327 0.010327 0.89706
0.025614 0.040383 0.028254 0.024191 0.10741 0.023231 0.023231 0.035148 0.69254
0.02167 0.051746 0.02063 0.015532 0.68881 0.0063844 0.0063844 0.014884 0.17396
0.019552 0.4806 0.016782 0.015055 0.39385 0.0064044 0.0064044 0.012333 0.049021
0.014086 0.053021 0.019262 0.013146 0.839 0.0048822 0.0048822 0.011002 0.040721
0.0098374 0.021381 0.010463 0.0086459 0.89232 0.0034269 0.0034269 0.0071952 0.043302
0.034609 0.037321 0.024724 0.017714 0.51874 0.0075214 0.0075214 0.018555 0.3333
0.0071025 0.010966 0.0071001 0.005632 0.020789 0.0023007 0.0023007 0.0059711 0.93784
0.0063063 0.0080428 0.0044418 0.0040407 0.96002 0.0016934 0.0016934 0.0041769 0.0095844
0.0096329 0.016008 0.009283 0.0073262 0.052409 0.0030827 0.0030827 0.0068718 0.8923
0.0074918 0.011436 0.0066149 0.0058065 0.023022 0.002434 0.002434 0.008402 0.93236
0.013962 0.022257 0.014718 0.010899 0.075915 0.0045894 0.0045894 0.015217 0.83785
0.022554 0.050489 0.020013 0.016342 0.69706 0.0066591 0.0066591 0.015683 0.16454
0.018019 0.036958 0.023036 0.015515 0.10799 0.0057959 0.0057959 0.014256 0.77264
0.011128 0.014232 0.0085765 0.0065525 0.037738 0.0027982 0.0027982 0.0065741 0.9096
0.0052933 0.010415 0.0041607 0.0040735 0.96018 0.0016604 0.0016604 0.0033954 0.0091578
0.0078701 0.013581 0.0066456 0.0060143 0.93687 0.002402 0.002402 0.0055391 0.018678
0.0070304 0.010351 0.005617 0.004995 0.94751 0.0020963 0.0020963 0.0050475 0.015259
0.0067099 0.015187 0.0059805 0.0052442 0.94126 0.0022203 0.0022203 0.0048552 0.01632
0.0065521 0.011841 0.0059884 0.0053356 0.93916 0.0022703 0.0022703 0.0047834 0.021798
0.0095095 0.019825 0.0086981 0.007582 0.050503 0.0032185 0.0032185 0.0080796 0.88937
0.0063233 0.012436 0.005335 0.0049455 0.94836 0.0020361 0.0020361 0.0051154 0.013412
0.010135 0.015232 0.009674 0.0075776 0.041944 0.003162 0.003162 0.0081852 0.90093
0.012792 0.018399 0.010974 0.0095893 0.045534 0.0056381 0.0056381 0.0097118 0.88172
0.028691 0.033968 0.021083 0.019535 0.060884 0.019004 0.019004 0.025244 0.77259
0.028257 0.091044 0.024654 0.020375 0.63406 0.0082226 0.0082226 0.024247 0.16092
0.026426 0.43451 0.020421 0.023206 0.39993 0.0078942 0.0078942 0.015305 0.064412
0.015868 0.071072 0.015302 0.01244 0.82901 0.004973 0.004973 0.010787 0.035573
0.0074078 0.018288 0.006445 0.0056282 0.93887 0.0023146 0.0023146 0.0049123 0.013824
0.011494 0.017415 0.010713 0.0089124 0.032154 0.005912 0.005912 0.009249 0.89824
0.025003 0.039824 0.024206 0.021546 0.092728 0.021123 0.021123 0.026306 0.72814
0.19214 0.047163 0.042794 0.052483 0.2578 0.038538 0.038538 0.044833 0.28571
0.27242 0.056456 0.029223 0.026478 0.4491 0.012347 0.012347 0.029499 0.11213
0.35209 0.053753 0.027734 0.024871 0.37065 0.01017 0.01017 0.027995 0.12256
0.036154 0.52391 0.028249 0.022502 0.15964 0.0096354 0.0096354 0.035731 0.17454
0.009071 0.016757 0.0070851 0.0062134 0.93156 0.0025472 0.0025472 0.0053871 0.018827
0.0083016 0.028765 0.0077138 0.0067815 0.9218 0.002713 0.002713 0.0054293 0.015782
0.0062073 0.015823 0.0057845 0.0052497 0.94673 0.0020781 0.0020781 0.0044185 0.011633
0.017797 0.044548 0.017128 0.014345 0.78096 0.0058421 0.0058421 0.015926 0.097617
0.039106 0.038588 0.023653 0.017871 0.47168 0.0075937 0.0075937 0.018717 0.3752
0.0052768 0.011759 0.0046251 0.0039088 0.96027 0.0016241 0.0016241 0.0035151 0.0074011
0.0079981 0.011535 0.005419 0.0050139 0.94857 0.0021029 0.0021029 0.0053022 0.011952
0.01464 0.022702 0.0091891 0.0077096 0.91282 0.0031843 0.0031843 0.0072914 0.019274
0.011739 0.024948 0.01041 0.0091515 0.87 0.0038689 0.0038689 0.0085476 0.057462
0.005184 0.011192 0.0042881 0.003939 0.95931 0.0016629 0.0016629 0.0032155 0.0095451
0.014062 0.059436 0.012102 0.01098 0.84614 0.004519 0.004519 0.0090751 0.039164
0.015762 0.033925 0.014211 0.012254 0.77417 0.0051633 0.0051633 0.011849 0.1275
0.020366 0.046971 0.019742 0.01514 0.69215 0.0063845 0.0063845 0.015623 0.17724
0.022745 0.04276 0.023656 0.020619 0.4695 0.0074296 0.0074296 0.016044 0.38982
0.013972 0.01896 0.010706 0.0088865 0.051323 0.0037458 0.0037458 0.010322 0.87834
0.010304 0.014643 0.0083546 0.0075417 0.055014 0.0031979 0.0031979 0.0084873 0.88926
0.0081719 0.013585 0.0081158 0.0065793 0.04959 0.002822 0.002822 0.0058893 0.90243
0.0086665 0.014936 0.0081501 0.0069099 0.045703 0.0028508 0.0028508 0.006239 0.90369
0.009027 0.01476 0.0091328 0.0073503 0.045398 0.0030829 0.0030829 0.0078867 0.90028
0.33171 0.06298 0.029235 0.025441 0.38142 0.010598 0.010598 0.026057 0.12195
0.22103 0.049399 0.025837 0.023071 0.50867 0.0094624 0.0094624 0.020931 0.13214
0.25189 0.050354 0.025364 0.021957 0.50947 0.0090932 0.0090932 0.02134 0.10143
0.024328 0.045866 0.021876 0.01586 0.72207 0.0065807 0.0065807 0.017803 0.13904
0.0070998 0.016471 0.0060194 0.0055551 0.93858 0.0023024 0.0023024 0.0048657 0.016809
0.0093977 0.013411 0.0073621 0.0064511 0.9255 0.0027057 0.0027057 0.0062918 0.026179
0.011319 0.022004 0.014331 0.0093314 0.065433 0.0039602 0.0039602 0.010434 0.85923
0.013056 0.020201 0.01456 0.012713 0.036268 0.012537 0.012537 0.014996 0.86313
0.024422 0.034051 0.030119 0.022403 0.11084 0.022023 0.022023 0.02801 0.70611
0.014905 0.021547 0.01184 0.0093849 0.059817 0.0039577 0.0039577 0.0095284 0.86506
0.013192 0.024076 0.012985 0.011751 0.046454 0.0083924 0.0083924 0.013257 0.8615
0.0081024 0.023293 0.0087577 0.0069044 0.92019 0.00284 0.00284 0.0059451 0.021123
0.014359 0.048861 0.013217 0.014161 0.83307 0.0048347 0.0048347 0.01036 0.056306
0.013475 0.03804 0.013893 0.010937 0.86354 0.0044307 0.0044307 0.011923 0.039329
0.0060633 0.0074403 0.0041041 0.0037299 0.96353 0.0015643 0.0015643 0.0033504 0.008651
0.056558 0.094549 0.042651 0.035552 0.29993 0.035981 0.035981 0.039862 0.35893
0.015712 0.062972 0.018566 0.01269 0.80879 0.0052838 0.0052838 0.011738 0.058963
0.016001 0.72625 0.01485 0.014153 0.17037 0.005504 0.005504 0.010862 0.036504
0.033111 0.065925 0.030627 0.028681 0.18932 0.028548 0.028548 0.033176 0.56207
0.043467 0.069812 0.036255 0.03257 0.43796 0.031779 0.031779 0.038099 0.27828
0.013297 0.056847 0.014829 0.010926 0.85354 0.0043805 0.0043805 0.0089535 0.032846
0.0096828 0.019796 0.0096619 0.0083128 0.89726 0.0033451 0.0033451 0.008014 0.04058
0.0071479 0.01794 0.0056773 0.0053164 0.94065 0.0022341 0.0022341 0.0044588 0.014337
0.011341 0.031565 0.0092745 0.0089313 0.89158 0.0035192 0.0035192 0.0073617 0.032912
0.013402 0.018218 0.014062 0.0090749 0.050786 0.0038537 0.0038537 0.010994 0.87576
0.0061898 0.0094406 0.0060304 0.0048478 0.022944 0.0020428 0.0020428 0.0048895 0.94157
0.015338 0.021682 0.010516 0.0087275 0.87893 0.0036616 0.0036616 0.0080518 0.049434
0.069457 0.053469 0.025492 0.019946 0.64084 0.0081624 0.0081624 0.016554 0.15791
0.022323 0.09603 0.021527 0.020362 0.66029 0.0076973 0.0076973 0.021964 0.14211
0.026312 0.53964 0.019851 0.018938 0.25975 0.0077764 0.0077764 0.017602 0.10236
0.011654 0.035605 0.009468 0.0087903 0.88944 0.003604 0.003604 0.0078222 0.030016
0.019589 0.043098 0.019303 0.016319 0.68202 0.0065044 0.0065044 0.015868 0.19079
0.049472 0.03565 0.026397 0.016695 0.15266 0.0071272 0.0071272 0.017688 0.68718
0.0101 0.0149 0.0087412 0.007515 0.047933 0.0031902 0.0031902 0.008411 0.89602
0.022017 0.10487 0.024668 0.017756 0.67755 0.0074327 0.0074327 0.020761 0.11751
0.013994 0.023305 0.01076 0.0093777 0.059301 0.0039382 0.0039382 0.0096656 0.86572
0.0062635 0.011148 0.0062756 0.0052396 0.94093 0.0021656 0.0021656 0.0044611 0.021347
0.012872 0.023733 0.011549 0.010568 0.85503 0.0042545 0.0042545 0.012757 0.064978
0.010596 0.021794 0.010656 0.0080007 0.041633 0.0033995 0.0033995 0.0079255 0.8926
0.018558 0.052527 0.016288 0.013136 0.78103 0.0054957 0.0054957 0.012746 0.094723
0.0059239 0.0095892 0.0050882 0.0044993 0.013992 0.0021347 0.0021347 0.0050768 0.95156
0.018769 0.050779 0.017784 0.015271 0.72822 0.0062093 0.0062093 0.015746 0.14101
0.0066712 0.027202 0.0058272 0.0054606 0.934 0.002284 0.002284 0.0045947 0.011675
0.0074312 0.021697 0.0068296 0.0060882 0.92967 0.0025219 0.0025219 0.0052118 0.018026
0.0064477 0.014728 0.0060246 0.0050939 0.94436 0.0021059 0.0021059 0.0041954 0.014938
0.0062579 0.015192 0.0069864 0.0052531 0.94347 0.0021661 0.0021661 0.0045604 0.013945
0.0042923 0.008211 0.0039041 0.0035187 0.96519 0.0014784 0.0014784 0.002938 0.0089852
0.023811 0.064483 0.025187 0.018516 0.52064 0.0078922 0.0078922 0.018597 0.31298
0.022529 0.10993 0.021794 0.017418 0.70973 0.0079259 0.0079259 0.016411 0.086331
0.0248 0.31665 0.020129 0.02126 0.50916 0.007714 0.007714 0.016273 0.0763
0.012753 0.037748 0.013027 0.011124 0.85064 0.0044003 0.0044003 0.009935 0.055973
0.014851 0.018167 0.011176 0.0093453 0.054062 0.0039681 0.0039681 0.013131 0.87133
0.030491 0.060082 0.028153 0.026173 0.1958 0.026726 0.026726 0.031306 0.57454
0.0074973 0.014717 0.0070351 0.0062317 0.92847 0.0026273 0.0026273 0.0067785 0.024013
0.0079984 0.013171 0.0072431 0.0063454 0.92853 0.0026227 0.0026227 0.0074206 0.024041
0.005534 0.0064065 0.0036152 0.0032929 0.96852 0.0013818 0.0013818 0.002997 0.006873
0.0069955 0.011862 0.0070008 0.0055868 0.027111 0.0023749 0.0023749 0.0063849 0.93031
0.16483 0.043146 0.047123 0.047268 0.34476 0.037401 0.037401 0.04189 0.23618
0.39698 0.044058 0.037092 0.035868 0.24018 0.034438 0.034438 0.042617 0.13432
0.0078373 0.013959 0.0071979 0.0061863 0.93301 0.0025057 0.0025057 0.0052571 0.021542
0.067334 0.053271 0.041009 0.021087 0.65964 0.008939 0.008939 0.02963 0.11015
0.0054515 0.016646 0.0043342 0.0041012 0.95449 0.0017141 0.0017141 0.0037506 0.0078026
0.0084485 0.011984 0.0065382 0.0059083 0.93468 0.0024681 0.0024681 0.0056348 0.02187
0.0072644 0.0092719 0.0049193 0.0045171 0.95445 0.0018888 0.0018888 0.0046274 0.011174
0.0092835 0.019481 0.0084253 0.0076891 0.90188 0.0032211 0.0032211 0.0069913 0.039812
0.022779 0.050955 0.019228 0.017904 0.43229 0.0073517 0.0073517 0.018787 0.42336
0.02755 0.046437 0.023161 0.01947 0.49273 0.007879 0.007879 0.021569 0.35332
0.018607 0.039024 0.016502 0.015311 0.54127 0.0063152 0.0063152 0.01527 0.34139
0.01672 0.022585 0.012655 0.010379 0.063144 0.0043785 0.0043785 0.011434 0.85433
0.016843 0.01885 0.011751 0.009443 0.062032 0.0039979 0.0039979 0.010033 0.86305
0.0094786 0.014861 0.0094153 0.0081653 0.03881 0.0046816 0.0046816 0.0087482 0.90116
0.24839 0.069627 0.041617 0.032216 0.4446 0.014927 0.014927 0.032048 0.10165
0.020826 0.11693 0.020364 0.024392 0.73377 0.0067953 0.0067953 0.016586 0.05354
0.024221 0.43267 0.018809 0.022227 0.42392 0.007347 0.007347 0.015232 0.048224
0.017159 0.042899 0.016327 0.012505 0.80601 0.0052671 0.0052671 0.012642 0.081922
0.0094148 0.019325 0.007737 0.0079147 0.92318 0.0028536 0.0028536 0.0065962 0.020127
0.0090647 0.017668 0.009612 0.0075433 0.91398 0.0030292 0.0030292 0.0080438 0.028031
0.10362 0.063074 0.027398 0.029751 0.24985 0.010269 0.010269 0.02601 0.47976
0.064457 0.040471 0.034616 0.018934 0.7037 0.0079817 0.0079817 0.023478 0.098376
0.0079367 0.012284 0.0074826 0.0059219 0.93206 0.0024746 0.0024746 0.0056484 0.023718
0.0061456 0.018195 0.0055205 0.0051222 0.94365 0.0020893 0.0020893 0.00421 0.01298
0.01366 0.020179 0.012692 0.010819 0.15342 0.004393 0.004393 0.0097614 0.77068
0.024695 0.054364 0.022775 0.02123 0.071854 0.020836 0.020836 0.025037 0.73837
0.010011 0.015874 0.0080792 0.007153 0.91441 0.0029943 0.0029943 0.0068949 0.031589
0.021853 0.055879 0.020565 0.016752 0.61272 0.0070435 0.0070435 0.016503 0.24165
0.015002 0.026072 0.01825 0.012135 0.15627 0.0050633 0.0050633 0.010952 0.7512
0.016903 0.024403 0.01653 0.010836 0.072435 0.0047058 0.0047058 0.010426 0.83906
0.022663 0.31966 0.020238 0.02286 0.52641 0.0074211 0.0074211 0.015436 0.05789
0.021073 0.65683 0.018915 0.020545 0.19008 0.0070417 0.0070417 0.014943 0.063526
0.0059682 0.013495 0.0051105 0.0049265 0.94893 0.0019741 0.0019741 0.0040665 0.013555
0.0075032 0.016879 0.0069491 0.0063524 0.92857 0.0025696 0.0025696 0.0053867 0.023222
0.014347 0.028716 0.01553 0.012486 0.77356 0.0049599 0.0049599 0.010196 0.13524
0.0741 0.047787 0.035617 0.020899 0.65418 0.008872 0.008872 0.029068 0.12061
0.032235 0.045571 0.03455 0.028461 0.28017 0.028687 0.028687 0.03285 0.48879
0.023374 0.33788 0.022232 0.022882 0.4934 0.007905 0.007905 0.016672 0.067749
0.022261 0.46976 0.018022 0.019312 0.39006 0.0071023 0.0071023 0.014368 0.052014
0.012209 0.068496 0.010678 0.01092 0.85653 0.0041115 0.0041115 0.0089593 0.023983
0.0052505 0.012155 0.0046181 0.0043016 0.95704 0.0017556 0.0017556 0.0036509 0.0094679
0.027754 0.050638 0.02402 0.021839 0.35607 0.0082971 0.0082971 0.034037 0.46904
0.0087944 0.011185 0.007933 0.0058327 0.024726 0.0024621 0.0024621 0.0060256 0.93058
0.020964 0.040603 0.027357 0.016554 0.24595 0.0067529 0.0067529 0.014265 0.6208
0.018042 0.71443 0.016267 0.01884 0.16119 0.0062057 0.0062057 0.01336 0.045466
0.012981 0.030424 0.013772 0.011074 0.83243 0.0044988 0.0044988 0.010456 0.079863
0.0064088 0.01146 0.0053591 0.0049655 0.94475 0.0021063 0.0021063 0.0046622 0.018186
0.23071 0.04591 0.041109 0.036547 0.35676 0.035686 0.035686 0.039758 0.17783
0.016277 0.093829 0.013278 0.012773 0.78084 0.0052936 0.0052936 0.010767 0.061649
0.062942 0.055656 0.034047 0.02242 0.34361 0.0095613 0.0095613 0.025902 0.4363
0.0092579 0.013565 0.0076782 0.006617 0.92283 0.0027601 0.0027601 0.0063753 0.02816
0.021416 0.11037 0.017047 0.01819 0.73219 0.0065008 0.0065008 0.01347 0.074322
0.0063161 0.012998 0.0055146 0.0049841 0.94982 0.0020128 0.0020128 0.0046576 0.011681
0.015 0.02684 0.013903 0.011732 0.053295 0.004416 0.004416 0.013847 0.85655
0.0068958 0.030039 0.006259 0.0056088 0.92974 0.0023332 0.0023332 0.0055269 0.011264
0.0089134 0.01216 0.0066195 0.0060519 0.93244 0.0025264 0.0025264 0.0060147 0.022751
0.008254 0.012174 0.0062968 0.0056948 0.93653 0.002389 0.002389 0.0054238 0.020844
0.0090993 0.012366 0.0066352 0.0060774 0.93317 0.0025408 0.0025408 0.0062427 0.021328
0.020363 0.039181 0.022475 0.016696 0.4966 0.0070109 0.0070109 0.015128 0.37553
0.017695 0.025168 0.012161 0.010644 0.068266 0.0044739 0.0044739 0.01033 0.84679
0.023669 0.079402 0.022733 0.018902 0.4709 0.0078465 0.0078465 0.016195 0.3525
0.014035 0.063607 0.013446 0.011382 0.83434 0.0046007 0.0046007 0.0093328 0.044658
0.015384 0.74957 0.013538 0.012569 0.1468 0.0052047 0.0052047 0.01036 0.041371
0.019716 0.038314 0.018876 0.016892 0.67851 0.0063806 0.0063806 0.016181 0.19875
0.046551 0.033216 0.02314 0.01651 0.13412 0.0070303 0.0070303 0.022268 0.71014
0.045197 0.040558 0.02276 0.021844 0.12469 0.00758 0.00758 0.024662 0.70513
0.028064 0.039598 0.030027 0.026357 0.27281 0.025731 0.025731 0.030853 0.52083
0.094007 0.12037 0.041962 0.031894 0.50102 0.021116 0.021116 0.039394 0.12912
0.0064924 0.01365 0.0069897 0.0054773 0.94148 0.0022775 0.0022775 0.0054893 0.015869
0.0089155 0.012764 0.0067284 0.0062877 0.9243 0.0026004 0.0026004 0.005992 0.029814
0.0092108 0.020514 0.0091275 0.0075955 0.90504 0.0031775 0.0031775 0.0064496 0.035711
0.0089787 0.016905 0.0079298 0.0073811 0.90638 0.0030719 0.0030719 0.006854 0.039431
0.0077405 0.014212 0.0087231 0.005895 0.027333 0.0025004 0.0025004 0.0049518 0.92614
0.01061 0.019376 0.01144 0.008029 0.041986 0.0033624 0.0033624 0.0089827 0.89285
0.0074356 0.015405 0.0071983 0.0059072 0.023947 0.0029275 0.0029275 0.00527 0.92898
0.011134 0.8307 0.010085 0.010599 0.1044 0.0039512 0.0039512 0.0076906 0.017487
0.0083081 0.021187 0.007026 0.006773 0.92434 0.0027151 0.0027151 0.0057376 0.021195
0.0081683 0.022923 0.0077004 0.0068878 0.91853 0.0028161 0.0028161 0.0055676 0.024595
0.0061938 0.011237 0.0060523 0.0052423 0.93947 0.002144 0.002144 0.0044497 0.023066
0.018518 0.031437 0.022632 0.015577 0.094213 0.0058536 0.0058536 0.023815 0.7821
0.022303 0.56402 0.023304 0.021565 0.28231 0.0076766 0.0076766 0.018189 0.052948
0.061514 0.17855 0.038166 0.04588 0.42733 0.012114 0.012114 0.027959 0.19638
0.048941 0.082662 0.028002 0.022137 0.5813 0.0092829 0.0092829 0.026376 0.19202
0.014246 0.79728 0.012687 0.012083 0.11789 0.0047199 0.0047199 0.0096947 0.026686
0.016644 0.033828 0.017679 0.01356 0.20583 0.0056811 0.0056811 0.012973 0.68813
0.049617 0.042246 0.030499 0.019615 0.66959 0.0081137 0.0081137 0.024253 0.14796
0.0093995 0.021687 0.0087352 0.010026 0.90412 0.0032928 0.0032928 0.0073047 0.032139
0.0065917 0.013428 0.0065272 0.0056006 0.93978 0.0022858 0.0022858 0.005249 0.01825
0.0060541 0.0073721 0.0041747 0.0037551 0.96354 0.0015717 0.0015717 0.0036359 0.0083246
0.26212 0.044889 0.047543 0.037184 0.24622 0.036934 0.036934 0.041614 0.24657
0.16792 0.10576 0.0691 0.048767 0.34335 0.04368 0.04368 0.070674 0.10708
0.016967 0.7413 0.016382 0.017262 0.15277 0.0071454 0.0071454 0.012794 0.028238
0.02106 0.41869 0.021331 0.018729 0.43135 0.0073599 0.0073599 0.01459 0.059524
0.02412 0.56449 0.026043 0.029242 0.2341 0.0084044 0.0084044 0.01627 0.088921
0.010655 0.85959 0.0094309 0.0095327 0.081712 0.0036461 0.0036461 0.0071298 0.014657
0.0074947 0.012984 0.0073164 0.0063458 0.92464 0.0026055 0.0026055 0.0059791 0.030025
0.0063562 0.012552 0.0057967 0.0053721 0.93949 0.0022098 0.0022098 0.0047443 0.021269
0.0063448 0.013462 0.0064879 0.0053927 0.94221 0.0022454 0.0022454 0.0059569 0.015654
0.0089074 0.023565 0.0079836 0.0072118 0.90517 0.0030807 0.0030807 0.0066743 0.034326
0.0045126 0.0066698 0.0053131 0.0035813 0.0099111 0.001482 0.001482 0.0032335 0.96381
0.0088148 0.016643 0.014324 0.007693 0.022881 0.0029598 0.0029598 0.0087329 0.91499
0.023682 0.06125 0.027481 0.020435 0.27115 0.0089089 0.0089089 0.021473 0.55671
0.032635 0.04692 0.029707 0.026373 0.15896 0.025555 0.025555 0.029205 0.6251
0.019172 0.49154 0.018074 0.018159 0.3907 0.0075485 0.0075485 0.015897 0.031356
