0.025477 0.24557 0.018885 0.017154 0.60484 0.0070987 0.0070987 0.015687 0.058197
0.019415 0.075163 0.014714 0.013458 0.79381 0.0053262 0.0053262 0.011327 0.061465
0.02458 0.079938 0.017904 0.015669 0.76779 0.0060226 0.0060226 0.012104 0.069973
0.033953 0.11441 0.023555 0.020364 0.69083 0.0073795 0.0073795 0.015435 0.086685
0.018209 0.090547 0.013825 0.012987 0.78375 0.0052997 0.0052997 0.01039 0.059693
0.023612 0.098071 0.017656 0.014921 0.7548 0.0060733 0.0060733 0.012194 0.066598
0.039116 0.24352 0.025598 0.017029 0.60793 0.0070578 0.0070578 0.01376 0.038924
0.016199 0.62794 0.013308 0.014153 0.28435 0.0052527 0.0052527 0.011047 0.022494
0.012354 0.82247 0.010811 0.010398 0.10713 0.0042544 0.0042544 0.0085889 0.01974
0.013448 0.81618 0.011734 0.011096 0.1085 0.004568 0.004568 0.0090196 0.020879
0.0099199 0.89823 0.0080625 0.0076979 0.050941 0.0031543 0.0031543 0.0064482 0.012392
0.0076299 0.93215 0.0063673 0.0060816 0.027895 0.0024268 0.0024268 0.0048882 0.010138
0.0083426 0.92117 0.0067654 0.0061286 0.03656 0.0026193 0.0026193 0.0053287 0.010462
0.0080319 0.91546 0.0070319 0.0069352 0.039877 0.002758 0.002758 0.0055765 0.011572
0.0048332 0.95734 0.0043461 0.0041185 0.01592 0.0016869 0.0016869 0.0033545 0.0067134
0.015308 0.81072 0.014976 0.014276 0.087273 0.0051772 0.0051772 0.010695 0.0364
0.023431 0.59437 0.02698 0.022873 0.2428 0.007785 0.007785 0.017163 0.056818
0.026263 0.49833 0.030497 0.027127 0.30719 0.0087128 0.0087128 0.019546 0.07362
0.026017 0.69115 0.021081 0.026224 0.16037 0.0072782 0.0072782 0.017487 0.043122
0.01237 0.84759 0.011209 0.011445 0.080911 0.0041213 0.0041213 0.0086269 0.019605
0.012822 0.86319 0.0096053 0.0093946 0.074805 0.0036114 0.0036114 0.007033 0.015928
0.0076102 0.92817 0.0062597 0.0060929 0.032574 0.0024072 0.0024072 0.004727 0.0097476
0.0074339 0.92119 0.0063152 0.0061235 0.038922 0.0025286 0.0025286 0.0049724 0.0099886
0.0094493 0.88874 0.0080714 0.0075289 0.06085 0.0031668 0.0031668 0.0062783 0.012746
0.0089895 0.017807 0.0064209 0.0056254 0.93832 0.0023824 0.0023824 0.004698 0.013374
0.017649 0.01633 0.0079169 0.0072627 0.91716 0.0030597 0.0030597 0.006264 0.021294
0.019862 0.018577 0.0089628 0.0084863 0.90158 0.0035189 0.0035189 0.0074927 0.028001
0.0061656 0.011805 0.0050688 0.0046883 0.95078 0.00197 0.00197 0.0045109 0.013041
0.0072777 0.011944 0.0058024 0.0051059 0.94561 0.002148 0.002148 0.00503 0.014937
0.04282 0.038765 0.017458 0.016362 0.73621 0.0073064 0.0073064 0.016748 0.11702
0.026934 0.027963 0.016953 0.014451 0.73948 0.0068955 0.0068955 0.014173 0.14626
0.024363 0.038687 0.021949 0.018217 0.55496 0.0093251 0.0093251 0.020632 0.30254
0.041349 0.044452 0.023119 0.020943 0.57094 0.010541 0.010541 0.023034 0.25508
0.023035 0.043237 0.025075 0.017679 0.68967 0.0090683 0.0090683 0.021659 0.16151
0.027768 0.070531 0.026906 0.027343 0.39967 0.0117 0.0117 0.026418 0.39797
0.021347 0.04296 0.02664 0.017114 0.68205 0.008921 0.008921 0.016686 0.17537
0.024129 0.049564 0.02331 0.016602 0.7261 0.0086835 0.0086835 0.018096 0.12483
0.079626 0.043077 0.021801 0.019552 0.69194 0.0098827 0.0098827 0.018779 0.10546
0.14904 0.04283 0.025453 0.022518 0.63463 0.010449 0.010449 0.023432 0.0812
0.2826 0.052231 0.02518 0.022379 0.49403 0.010761 0.010761 0.019538 0.082519
0.22644 0.0395 0.022974 0.018605 0.58342 0.007912 0.007912 0.017203 0.076031
0.20032 0.042354 0.020626 0.016896 0.64656 0.0071225 0.0071225 0.016286 0.042709
0.14995 0.03758 0.01578 0.015053 0.71957 0.0062885 0.0062885 0.013666 0.035827
0.033192 0.03712 0.011144 0.010383 0.85744 0.0043742 0.0043742 0.010495 0.031479
0.053709 0.10945 0.018923 0.017484 0.71454 0.0073726 0.0073726 0.019662 0.051489
0.045759 0.069204 0.016434 0.015045 0.76957 0.0064535 0.0064535 0.014375 0.056705
0.01684 0.02364 0.0097009 0.0087414 0.88659 0.0036827 0.0036827 0.0072806 0.039845
0.013841 0.025069 0.0095133 0.008443 0.88459 0.0036267 0.0036267 0.0076457 0.043647
0.011179 0.016322 0.0060106 0.0055846 0.93531 0.0023681 0.0023681 0.004816 0.016044
0.019972 0.024434 0.0087024 0.0078381 0.90373 0.0032924 0.0032924 0.0067872 0.021955
0.010901 0.013766 0.0068759 0.0064249 0.92322 0.0026914 0.0026914 0.0056428 0.027785
0.011231 0.013799 0.0083359 0.0065873 0.92511 0.0027766 0.0027766 0.005815 0.023566
0.0079863 0.012517 0.0069142 0.0053164 0.94389 0.0022486 0.0022486 0.0049604 0.013922
0.010067 0.018543 0.0075266 0.0060842 0.93461 0.002546 0.002546 0.0052363 0.012845
0.011512 0.012777 0.0056295 0.0052084 0.94504 0.0021902 0.0021902 0.0046493 0.010804
0.017939 0.018854 0.008844 0.007919 0.90575 0.0033512 0.0033512 0.0078372 0.026157
0.0074448 0.01041 0.0048571 0.0043853 0.95601 0.0018451 0.0018451 0.0036876 0.0095153
0.0090457 0.011119 0.0060306 0.0050327 0.94708 0.0021336 0.0021336 0.0045766 0.012846
0.012524 0.017152 0.0073051 0.0061457 0.93028 0.0026045 0.0026045 0.0054265 0.015961
0.015977 0.016393 0.0079972 0.0069809 0.91825 0.0029663 0.0029663 0.0066706 0.021797
0.0070043 0.010773 0.0056606 0.0045488 0.95198 0.0019291 0.0019291 0.0038401 0.012334
0.0069084 0.017779 0.0062554 0.0054664 0.94268 0.0022392 0.0022392 0.0056538 0.01078
0.016193 0.071103 0.014293 0.016088 0.828 0.0051377 0.0051377 0.013721 0.030323
0.014865 0.077187 0.012469 0.0119 0.83276 0.0047103 0.0047103 0.011067 0.030334
0.0063769 0.015295 0.0057458 0.0053064 0.94605 0.0021445 0.0021445 0.0053434 0.011598
0.010377 0.040511 0.0083158 0.0084454 0.90037 0.003125 0.003125 0.00644 0.01929
0.0095201 0.012565 0.0061898 0.0050138 0.94662 0.0021255 0.0021255 0.0047934 0.011044
0.024804 0.6768 0.022898 0.024016 0.14342 0.0075836 0.0075836 0.016252 0.07664
0.010132 0.8791 0.0084188 0.008676 0.067116 0.0033558 0.0033558 0.0066449 0.013201
0.010642 0.014792 0.0069392 0.0062875 0.92849 0.0026655 0.0026655 0.0056498 0.021869
0.013163 0.016166 0.0079547 0.0070848 0.91709 0.0030081 0.0030081 0.0061796 0.026341
0.0084942 0.01006 0.0053979 0.004461 0.9548 0.001878 0.001878 0.0039638 0.0090646
0.010054 0.90409 0.0078633 0.0075539 0.04481 0.003066 0.003066 0.0062415 0.013251
0.022877 0.031571 0.024359 0.018433 0.5261 0.0088669 0.0088669 0.020823 0.3381
0.027621 0.019587 0.0095528 0.0082578 0.89731 0.0035024 0.0035024 0.0071284 0.023538
0.011245 0.010607 0.0053428 0.0049689 0.94772 0.0020885 0.0020885 0.0042356 0.011705
0.011581 0.019174 0.0098026 0.007327 0.9163 0.003103 0.003103 0.0069442 0.022663
0.01228 0.049251 0.011664 0.0099028 0.87437 0.003976 0.003976 0.0091887 0.025392
0.0075821 0.022811 0.0066288 0.0063252 0.9292 0.0025368 0.0025368 0.005332 0.017043
0.025955 0.45527 0.026334 0.031715 0.38129 0.0082355 0.0082355 0.017433 0.045536
0.014321 0.015249 0.0075712 0.0064168 0.92765 0.0027218 0.0027218 0.006091 0.017259
0.0064949 0.94087 0.0055048 0.0052716 0.023841 0.0021658 0.0021658 0.004333 0.0093506
0.0096969 0.89157 0.0092725 0.0087195 0.046962 0.0033676 0.0033676 0.0068241 0.020222
0.006358 0.93565 0.0056395 0.005448 0.028772 0.0022273 0.0022273 0.004363 0.0093126
0.19409 0.047753 0.022112 0.019848 0.61852 0.0094932 0.0094932 0.017471 0.061219
0.0097251 0.024573 0.0092979 0.0078142 0.9141 0.0031132 0.0031132 0.0072556 0.021005
0.010689 0.031842 0.012648 0.0083807 0.89978 0.0034667 0.0034667 0.0078058 0.021924
0.010057 0.035395 0.0085752 0.009488 0.89903 0.0033933 0.0033933 0.0091125 0.021559
0.0079906 0.92235 0.006827 0.0064242 0.035147 0.0026264 0.0026264 0.0053587 0.01065
0.010758 0.87003 0.0098439 0.011251 0.067709 0.0037501 0.0037501 0.0076117 0.015292
0.0091253 0.02696 0.011029 0.00754 0.91659 0.0030643 0.0030643 0.0074363 0.015192
0.025223 0.59635 0.028885 0.021645 0.2309 0.0079601 0.0079601 0.016388 0.064685
0.13529 0.043078 0.017808 0.017183 0.69062 0.0072001 0.0072001 0.01619 0.06543
0.019834 0.023755 0.0094666 0.00906 0.88394 0.0038147 0.0038147 0.0077975 0.038518
0.0076459 0.01543 0.0072507 0.00695 0.9331 0.0026127 0.0026127 0.0073513 0.017049
0.023157 0.053243 0.021523 0.018485 0.22315 0.0095302 0.0095302 0.019261 0.62212
0.01074 0.015989 0.0060446 0.0055792 0.93645 0.0023673 0.0023673 0.0048294 0.01563
0.010884 0.044991 0.0092028 0.0099279 0.88586 0.0036426 0.0036426 0.0096963 0.022155
0.01046 0.030044 0.0092135 0.0091756 0.90115 0.0035368 0.0035368 0.010591 0.02229
0.036747 0.43692 0.034432 0.037275 0.27211 0.010484 0.010484 0.022466 0.13908
0.0069907 0.92958 0.0063635 0.0063201 0.030649 0.0024464 0.0024464 0.0047721 0.010435
0.0068967 0.92615 0.0060705 0.0059809 0.03572 0.0024299 0.0024299 0.0047301 0.0095887
0.0095088 0.02049 0.0075539 0.0062561 0.92941 0.0026161 0.0026161 0.0050522 0.0165
0.028218 0.06269 0.038442 0.02288 0.53699 0.011218 0.011218 0.02107 0.26728
0.013676 0.022926 0.0080496 0.0074702 0.90706 0.0031532 0.0031532 0.0066137 0.027903
0.033596 0.02948 0.010937 0.01004 0.87333 0.0042249 0.0042249 0.0089017 0.025265
0.069862 0.042115 0.016728 0.014681 0.79573 0.0060241 0.0060241 0.013203 0.03563
0.0056424 0.011267 0.0052759 0.0048453 0.95477 0.0018873 0.0018873 0.004699 0.0097275
0.031001 0.27353 0.033428 0.033361 0.50191 0.0094807 0.0094807 0.019808 0.087995
0.033587 0.53636 0.031208 0.036626 0.24041 0.0095388 0.0095388 0.02204 0.080687
0.056894 0.032397 0.018731 0.017013 0.72533 0.0087554 0.0087554 0.015476 0.11665
0.05517 0.12754 0.020486 0.019378 0.68143 0.0080744 0.0080744 0.024116 0.055728
0.065542 0.11881 0.020252 0.019305 0.67059 0.0079924 0.0079924 0.019482 0.070028
0.028171 0.033804 0.013987 0.012393 0.82044 0.0052406 0.0052406 0.011398 0.069328
0.0099907 0.85705 0.0086749 0.0083148 0.087603 0.00345 0.00345 0.0068187 0.014646
0.0057589 0.94351 0.00518 0.0052536 0.023899 0.0020298 0.0020298 0.0040198 0.0083213
0.026508 0.04349 0.021973 0.019621 0.42464 0.0098361 0.0098361 0.018849 0.42524
0.02675 0.046692 0.022246 0.018107 0.68062 0.0093219 0.0093219 0.018255 0.16868
0.023985 0.029712 0.016819 0.014034 0.79673 0.0071944 0.0071944 0.01309 0.091245
0.050962 0.11977 0.018247 0.017315 0.70107 0.0072511 0.0072511 0.014997 0.063134
0.0081993 0.016488 0.0086802 0.0061955 0.93409 0.0025988 0.0025988 0.0059562 0.015192
0.006558 0.015065 0.0061582 0.0055841 0.94504 0.0022231 0.0022231 0.0064111 0.010737
0.0073216 0.014171 0.0067518 0.0052987 0.94585 0.0021985 0.0021985 0.0048798 0.011329
0.018113 0.71391 0.01743 0.020084 0.16766 0.0062734 0.0062734 0.013463 0.036784
0.0071708 0.92919 0.0062377 0.0064202 0.031273 0.0024579 0.0024579 0.0048231 0.0099664
0.16296 0.045606 0.02555 0.025806 0.63289 0.0099557 0.0099557 0.018351 0.068929
0.0063748 0.01279 0.0058311 0.0049839 0.94777 0.0020918 0.0020918 0.0046451 0.013425
0.0071494 0.01327 0.0067022 0.0061982 0.93887 0.0024378 0.0024378 0.0072787 0.015654
0.10184 0.056918 0.029354 0.023472 0.60251 0.012047 0.012047 0.021488 0.14033
0.015729 0.025132 0.0099261 0.0091684 0.87797 0.0038524 0.0038524 0.0094751 0.044899
0.024986 0.067345 0.016565 0.014535 0.786 0.0060248 0.0060248 0.013218 0.065301
0.038573 0.07007 0.015412 0.01489 0.78237 0.0061376 0.0061376 0.013571 0.052839
0.0063534 0.01045 0.005009 0.0041788 0.95709 0.0017792 0.0017792 0.0040336 0.0093273
0.0061348 0.010885 0.0053943 0.0046927 0.95107 0.0019923 0.0019923 0.0043249 0.013513
0.011644 0.86942 0.009489 0.0090449 0.069356 0.003676 0.003676 0.0074391 0.01625
0.038924 0.048489 0.024041 0.021114 0.40348 0.010929 0.010929 0.020003 0.42209
0.019944 0.032598 0.013083 0.010237 0.87923 0.0048089 0.0048089 0.0092669 0.026021
0.020194 0.0691 0.015487 0.013865 0.79534 0.0058374 0.0058374 0.015155 0.059183
0.019117 0.031132 0.011024 0.010191 0.8598 0.0043109 0.0043109 0.0095615 0.050555
0.015338 0.087399 0.013042 0.011217 0.82176 0.0046775 0.0046775 0.010197 0.031695
0.016617 0.073649 0.011288 0.010322 0.83067 0.0044084 0.0044084 0.0087158 0.039919
0.0073475 0.92409 0.0065954 0.0059879 0.035302 0.0025395 0.0025395 0.0050734 0.010528
0.035181 0.47572 0.031609 0.024696 0.2888 0.0094192 0.0094192 0.020105 0.10505
0.0071176 0.92514 0.0063363 0.0064858 0.035012 0.0025022 0.0025022 0.0048627 0.010039
0.029556 0.03906 0.021722 0.018947 0.61136 0.0097068 0.0097068 0.022923 0.23702
0.3576 0.047097 0.031642 0.021 0.45971 0.0091999 0.0091999 0.020453 0.044104
0.0081165 0.019575 0.0076664 0.0070806 0.92713 0.0027734 0.0027734 0.0082758 0.016614
0.01736 0.32286 0.014303 0.013844 0.58717 0.0051797 0.0051797 0.010404 0.023691
0.026036 0.57858 0.023572 0.025886 0.2437 0.007951 0.007951 0.015772 0.070548
0.013743 0.72345 0.011355 0.010793 0.20313 0.004455 0.004455 0.0089295 0.019695
0.009271 0.013542 0.0067068 0.0059131 0.93323 0.0025088 0.0025088 0.0055455 0.020773
0.0095507 0.89377 0.0078833 0.0073477 0.056645 0.0030501 0.0030501 0.0060095 0.012692
0.023391 0.54165 0.025162 0.02063 0.29403 0.0077248 0.0077248 0.017032 0.062652
0.010826 0.055978 0.0087972 0.0081367 0.8786 0.0034386 0.0034386 0.0067641 0.024019
0.047868 0.1011 0.017751 0.016584 0.73089 0.0069225 0.0069225 0.017566 0.054389
0.013779 0.79976 0.011464 0.010832 0.12737 0.0045691 0.0045691 0.0090006 0.018647
0.033979 0.49099 0.036682 0.029005 0.26654 0.0096319 0.0096319 0.019679 0.10387
0.035219 0.40449 0.034529 0.025323 0.36061 0.009349 0.009349 0.020372 0.10076
0.011254 0.045728 0.011847 0.010835 0.88257 0.0043239 0.0043239 0.008024 0.021093
0.069713 0.13662 0.022067 0.021963 0.63358 0.0087571 0.0087571 0.021836 0.076704
0.026193 0.048064 0.012161 0.011392 0.83813 0.0048368 0.0048368 0.010644 0.043737
0.0071287 0.0076005 0.0049249 0.0038608 0.96232 0.001632 0.001632 0.0032378 0.0076588
0.015929 0.78801 0.01505 0.015678 0.10464 0.0053169 0.0053169 0.011129 0.03893
0.024517 0.55343 0.021964 0.026748 0.28207 0.0077368 0.0077368 0.01594 0.059861
0.0063183 0.93726 0.005861 0.0057944 0.026627 0.0022277 0.0022277 0.0043846 0.0093024
0.017264 0.018402 0.0091702 0.0078293 0.91096 0.0032557 0.0032557 0.0067038 0.023159
0.049366 0.037334 0.016803 0.015119 0.78772 0.007474 0.007474 0.014645 0.06407
0.19366 0.035501 0.021367 0.017184 0.65914 0.0075084 0.0075084 0.016808 0.041328
0.0070761 0.92774 0.0062434 0.0058496 0.033887 0.0024261 0.0024261 0.0047657 0.0095847
0.059445 0.099639 0.019899 0.018822 0.67749 0.0078678 0.0078678 0.018849 0.090115
0.00566 0.010061 0.004959 0.0050079 0.95532 0.0018891 0.0018891 0.0051681 0.010049
0.026763 0.056116 0.016591 0.014429 0.78381 0.005721 0.005721 0.011356 0.079494
0.038748 0.26386 0.037104 0.028002 0.46303 0.010019 0.010019 0.021074 0.12815
0.01677 0.016519 0.0084059 0.0073518 0.91426 0.0031121 0.0031121 0.0064792 0.023993
0.0079632 0.013651 0.0070998 0.005623 0.94031 0.0023654 0.0023654 0.0056126 0.015013
0.011361 0.8563 0.0099083 0.0094643 0.080517 0.0038453 0.0038453 0.0075248 0.01723
0.013113 0.85851 0.010921 0.01076 0.061175 0.004183 0.004183 0.0092741 0.027884
0.02499 0.18539 0.02448 0.018735 0.66525 0.0069754 0.0069754 0.01499 0.052208
0.017494 0.22249 0.015578 0.016452 0.66127 0.0059854 0.0059854 0.01187 0.042868
0.012484 0.8113 0.012023 0.011845 0.11508 0.0043946 0.0043946 0.0088412 0.019639
0.12361 0.036087 0.022204 0.017044 0.71849 0.0076951 0.0076951 0.015966 0.051214
0.042359 0.25596 0.041507 0.030985 0.4063 0.010793 0.010793 0.023359 0.17794
0.022745 0.294 0.02063 0.021785 0.56963 0.0070084 0.0070084 0.016225 0.04097
0.029864 0.43565 0.019296 0.017778 0.41562 0.0074115 0.0074115 0.016223 0.05075
0.025229 0.46515 0.017733 0.014986 0.4056 0.0065616 0.0065616 0.013248 0.044935
0.0080224 0.92671 0.0065954 0.0061285 0.031518 0.0025781 0.0025781 0.0052979 0.010573
0.014239 0.078045 0.011582 0.011348 0.84027 0.004312 0.004312 0.0084683 0.02742
0.070175 0.094684 0.019863 0.019599 0.69017 0.0079423 0.0079423 0.020913 0.068713
0.0067838 0.011174 0.0055001 0.0048256 0.95025 0.0020255 0.0020255 0.0048074 0.012609
0.012619 0.85514 0.0099136 0.0094633 0.080157 0.0038877 0.0038877 0.0077103 0.017225
0.0056485 0.011742 0.005518 0.0042327 0.95638 0.0018023 0.0018023 0.0039761 0.0089013
0.0058595 0.012864 0.005012 0.0048395 0.95223 0.0019807 0.0019807 0.0059547 0.0092753
0.0080676 0.92032 0.0065857 0.0059646 0.038962 0.0025313 0.0025313 0.0050494 0.0099933
0.009257 0.042533 0.0084958 0.0078182 0.89916 0.0036244 0.0036244 0.0065855 0.018897
0.1316 0.037598 0.014578 0.01387 0.75271 0.0058147 0.0058147 0.01326 0.024751
0.26195 0.033573 0.018873 0.016277 0.60442 0.0068186 0.0068186 0.013213 0.038051
0.0060512 0.0096423 0.0052435 0.0041932 0.95781 0.0017829 0.0017829 0.0040692 0.0094296
0.02463 0.1002 0.015026 0.01299 0.77607 0.0054949 0.0054949 0.010626 0.049473
0.15789 0.040652 0.01677 0.016046 0.69293 0.0067329 0.0067329 0.013465 0.048783
0.035351 0.031942 0.017732 0.01608 0.73101 0.0081886 0.0081886 0.014526 0.13698
0.005743 0.012072 0.0051444 0.0049713 0.95328 0.0019312 0.0019312 0.0047117 0.010219
0.0048162 0.011164 0.0041626 0.0038739 0.96082 0.0016292 0.0016292 0.0036437 0.0082581
0.015932 0.065273 0.01314 0.0108 0.83913 0.0045773 0.0045773 0.010507 0.036063
0.029551 0.32576 0.025609 0.024999 0.48224 0.0086659 0.0086659 0.018854 0.07565
0.041144 0.27933 0.041416 0.045827 0.33844 0.01184 0.01184 0.026803 0.20337
0.015453 0.58208 0.014758 0.013329 0.32506 0.0054705 0.0054705 0.010983 0.027397
0.036547 0.031731 0.015999 0.014992 0.77716 0.0077015 0.0077015 0.01468 0.093489
0.030296 0.25349 0.027272 0.027744 0.53357 0.0088797 0.0088797 0.02186 0.088003
0.02343 0.17931 0.021842 0.022703 0.61623 0.007856 0.007856 0.016326 0.10445
0.018069 0.37645 0.015046 0.015467 0.52144 0.0059246 0.0059246 0.01136 0.030317
0.0084379 0.025426 0.0094138 0.0070809 0.9185 0.0033143 0.0033143 0.0061786 0.01833
0.021074 0.051792 0.010917 0.010438 0.85816 0.0042633 0.0042633 0.0087467 0.030347
0.0073581 0.01245 0.0065783 0.0057485 0.93788 0.0024074 0.0024074 0.0060469 0.019126
0.011996 0.015514 0.0069071 0.0062867 0.92984 0.0026369 0.0026369 0.0052006 0.018985
0.010896 0.025013 0.0096374 0.0078638 0.91169 0.0038002 0.0038002 0.0072643 0.020039
0.027933 0.054398 0.012969 0.013556 0.84735 0.0046578 0.0046578 0.0098291 0.02465
0.017002 0.082371 0.016256 0.01219 0.79579 0.0051524 0.0051524 0.011204 0.054883
0.015059 0.6874 0.012456 0.013592 0.22974 0.0048254 0.0048254 0.0094117 0.022689
0.01054 0.85921 0.0091672 0.0085793 0.082749 0.0036284 0.0036284 0.0070822 0.015416
0.010908 0.89234 0.008595 0.0081104 0.051251 0.0033553 0.0033553 0.0067834 0.015304
0.018541 0.70151 0.016961 0.015223 0.19571 0.0060743 0.0060743 0.012468 0.027433
0.027785 0.36482 0.023397 0.027066 0.45298 0.0084062 0.0084062 0.018301 0.068841
0.013096 0.012347 0.0061932 0.0058381 0.93599 0.0024542 0.0024542 0.0047729 0.016859
0.024377 0.034218 0.014545 0.01282 0.83768 0.0065831 0.0065831 0.012478 0.050714
0.030102 0.061126 0.021559 0.018568 0.57546 0.0077036 0.0077036 0.015716 0.26207
0.018848 0.039373 0.010052 0.0094302 0.87632 0.0039472 0.0039472 0.0087688 0.029316
0.0087163 0.89951 0.0076172 0.0071691 0.053626 0.002976 0.002976 0.0058939 0.01152
0.010566 0.87424 0.0089725 0.0083027 0.069374 0.0035078 0.0035078 0.0075758 0.013951
0.0247 0.060258 0.021764 0.018733 0.62644 0.0096499 0.0096499 0.017835 0.21097
0.0080185 0.013153 0.0068556 0.0052293 0.94333 0.0022393 0.0022393 0.0048315 0.014103
0.0049613 0.0085291 0.0042897 0.0036599 0.96397 0.0015457 0.0015457 0.0035025 0.0079933
0.032254 0.54609 0.034442 0.046342 0.20806 0.0098895 0.0098895 0.021528 0.091504
0.0296 0.21619 0.028808 0.028092 0.56931 0.0090023 0.0090023 0.020078 0.089914
0.010453 0.012013 0.0069844 0.0063566 0.93202 0.0032854 0.0032854 0.0059081 0.019691
0.21386 0.052475 0.027482 0.026471 0.45156 0.013522 0.013522 0.026505 0.1746
0.0067093 0.015144 0.0056965 0.0051411 0.94426 0.0025457 0.0025457 0.0047829 0.013171
0.0069725 0.010994 0.0057564 0.0045524 0.95257 0.0019273 0.0019273 0.0045528 0.010748
0.015967 0.032121 0.01274 0.011427 0.8429 0.0058807 0.0058807 0.0098752 0.063208
0.023898 0.66591 0.018318 0.019713 0.19939 0.0066964 0.0066964 0.013764 0.045615
0.026079 0.55873 0.02164 0.022759 0.27385 0.0078051 0.0078051 0.018193 0.063144
0.017057 0.061132 0.013312 0.012364 0.81646 0.0052285 0.0052285 0.013646 0.055569
0.011415 0.016461 0.0075641 0.0064389 0.92721 0.0027014 0.0027014 0.0061604 0.019351
0.012929 0.019317 0.0088334 0.0077823 0.90401 0.0032936 0.0032936 0.0076691 0.032871
0.0064177 0.0093958 0.0056731 0.0044499 0.95558 0.0018825 0.0018825 0.0043843 0.010331
0.0099632 0.90195 0.0081445 0.0074505 0.046307 0.0031437 0.0031437 0.0062889 0.013606
0.027241 0.27893 0.027778 0.035102 0.53229 0.0087672 0.0087672 0.018974 0.062155
0.019651 0.30887 0.014495 0.014077 0.5959 0.005584 0.005584 0.010854 0.024984
0.038088 0.069124 0.015974 0.015469 0.77408 0.0063459 0.0063459 0.017018 0.057556
0.034785 0.51226 0.037668 0.058074 0.21438 0.010457 0.010457 0.022239 0.099684
0.019764 0.14142 0.016386 0.019762 0.73997 0.006107 0.006107 0.012235 0.038255
0.011044 0.021989 0.012243 0.0093128 0.89113 0.0047249 0.0047249 0.008349 0.036482
0.011159 0.021833 0.007909 0.0070137 0.91809 0.0033684 0.0033684 0.0067604 0.020496
0.010673 0.014752 0.0065168 0.0057485 0.93381 0.0024472 0.0024472 0.0054968 0.018109
0.011104 0.025794 0.0091397 0.0079981 0.90382 0.0039564 0.0039564 0.0071595 0.027072
0.0092213 0.027675 0.0079125 0.0067122 0.92111 0.003199 0.003199 0.0060457 0.014921
0.032932 0.10347 0.016266 0.015388 0.75632 0.0064316 0.0064316 0.013446 0.049309
0.0040013 0.0069458 0.0037853 0.003225 0.96912 0.0013567 0.0013567 0.0027944 0.0074136
0.005677 0.011005 0.0059216 0.0047994 0.95483 0.0018965 0.0018965 0.0045182 0.0094514
0.033389 0.44654 0.036593 0.03239 0.2665 0.01032 0.01032 0.020977 0.14297
0.018771 0.045991 0.014141 0.012087 0.8266 0.0049863 0.0049863 0.011883 0.060557
0.069504 0.2232 0.02393 0.023224 0.51474 0.0094733 0.0094733 0.020266 0.10619
0.0072985 0.012412 0.0065635 0.0055918 0.93872 0.0023522 0.0023522 0.0051675 0.019546
0.016114 0.84364 0.011629 0.01091 0.078253 0.0045019 0.0045019 0.0093999 0.021047
0.023327 0.45939 0.017264 0.017945 0.41594 0.0068064 0.0068064 0.014188 0.038327
0.0063408 0.018721 0.0054784 0.0054672 0.94555 0.0021061 0.0021061 0.0050983 0.0091307
0.025564 0.53094 0.022567 0.028412 0.31111 0.0078428 0.0078428 0.017964 0.047757
0.027932 0.017438 0.0088467 0.0082804 0.89924 0.0034668 0.0034668 0.0069859 0.024339
0.061531 0.041576 0.018597 0.016586 0.75138 0.0084997 0.0084997 0.014916 0.078413
0.28228 0.040709 0.019862 0.018095 0.566 0.0074139 0.0074139 0.014765 0.04346
0.23659 0.04497 0.021676 0.019092 0.59057 0.0078264 0.0078264 0.015513 0.055939
0.17197 0.04846 0.019694 0.018201 0.65258 0.0076618 0.0076618 0.016896 0.056877
0.009292 0.026122 0.0086352 0.0073081 0.90962 0.0030246 0.0030246 0.0063536 0.026618
0.027853 0.3686 0.021246 0.018998 0.45786 0.0078943 0.0078943 0.018194 0.07146
0.020444 0.06877 0.0184 0.015807 0.74172 0.0061295 0.0061295 0.01324 0.10936
0.0087596 0.89612 0.007474 0.0072053 0.056324 0.0029855 0.0029855 0.0060038 0.012143
0.031669 0.31252 0.02202 0.02212 0.50208 0.0080932 0.0080932 0.019221 0.074186
0.022148 0.63505 0.021382 0.016692 0.22522 0.0068139 0.0068139 0.016112 0.049773
0.018564 0.4828 0.018851 0.016747 0.4124 0.0062307 0.0062307 0.013134 0.025044
0.017104 0.031296 0.01205 0.011064 0.84018 0.0046517 0.0046517 0.011758 0.067244
0.011137 0.034938 0.0088593 0.0084199 0.89138 0.0034563 0.0034563 0.0073301 0.031028
0.0075187 0.015048 0.0061701 0.006071 0.94159 0.0023351 0.0023351 0.0076534 0.011278
0.009994 0.023768 0.0090466 0.0074994 0.91335 0.0035631 0.0035631 0.0069337 0.02228
0.018183 0.18639 0.013252 0.012242 0.72176 0.0051405 0.0051405 0.01149 0.026402
0.041677 0.060898 0.017095 0.016454 0.74258 0.0068106 0.0068106 0.015109 0.092568
0.0054217 0.009124 0.0047219 0.0040888 0.95871 0.0017309 0.0017309 0.0037919 0.010678
0.019012 0.53824 0.017154 0.020519 0.34511 0.0067175 0.0067175 0.01357 0.032969
0.018997 0.15762 0.015002 0.017448 0.73121 0.0058583 0.0058583 0.012311 0.035692
0.085304 0.13544 0.023216 0.024629 0.61775 0.0091668 0.0091668 0.022552 0.072778
0.0084949 0.015545 0.0070402 0.0058563 0.93307 0.0025143 0.0025143 0.0056749 0.019293
0.025378 0.44937 0.028856 0.029438 0.35553 0.008867 0.008867 0.019757 0.073937
0.018141 0.033423 0.010231 0.0097055 0.89084 0.0038218 0.0038218 0.0079783 0.022042
0.0087973 0.019272 0.0066016 0.0063031 0.93111 0.0026048 0.0026048 0.0052339 0.017471
0.0069357 0.017248 0.0062897 0.0054502 0.93926 0.0024982 0.0024982 0.0048915 0.014926
0.030393 0.18501 0.020944 0.023238 0.64027 0.0078895 0.0078895 0.01659 0.06778
0.020436 0.081813 0.01635 0.014462 0.76261 0.0060357 0.0060357 0.01411 0.078143
0.007396 0.013926 0.0063796 0.0057399 0.94165 0.0023286 0.0023286 0.0057183 0.014536
0.020631 0.091272 0.015259 0.013408 0.7684 0.0056672 0.0056672 0.011786 0.06791
0.010041 0.89852 0.0081936 0.0076003 0.049072 0.0031962 0.0031962 0.006444 0.013734
0.010154 0.88896 0.0084361 0.0077857 0.0585 0.0032739 0.0032739 0.0066626 0.012949
0.05613 0.10758 0.019275 0.019044 0.69715 0.0074738 0.0074738 0.016683 0.069192
0.011202 0.021431 0.0094196 0.007811 0.89741 0.0032854 0.0032854 0.0064114 0.039744
0.020591 0.71461 0.014107 0.012369 0.19399 0.0051808 0.0051808 0.01035 0.023613
0.026222 0.23211 0.018172 0.016033 0.63087 0.0067037 0.0067037 0.013438 0.049749
0.0051695 0.0090315 0.0047996 0.0038439 0.96093 0.0016491 0.0016491 0.0035808 0.0093438
0.018817 0.071869 0.014265 0.011894 0.81054 0.0050281 0.0050281 0.010451 0.05211
0.063785 0.15855 0.035295 0.023458 0.60623 0.0088267 0.0088267 0.017488 0.077545
0.40964 0.054763 0.025805 0.021683 0.37858 0.0090786 0.0090786 0.021694 0.069673
0.021292 0.050951 0.014725 0.013361 0.77959 0.0056636 0.0056636 0.012337 0.096418
0.0077964 0.012146 0.0063667 0.0053897 0.94057 0.0022753 0.0022753 0.005158 0.018018
0.0066327 0.013511 0.0056846 0.0053475 0.94677 0.0021576 0.0021576 0.0057171 0.012026
0.020057 0.095051 0.014703 0.013923 0.75807 0.0057011 0.0057011 0.011622 0.075168
0.024461 0.069882 0.016298 0.013382 0.80072 0.0055524 0.0055524 0.011641 0.052517
0.017731 0.79823 0.016942 0.021955 0.080346 0.0057484 0.0057484 0.012788 0.040513
0.017449 0.03076 0.010156 0.0093754 0.88419 0.0040229 0.0040229 0.0096903 0.030338
0.0065275 0.0090649 0.0047042 0.0041283 0.95808 0.0017539 0.0017539 0.0040478 0.0099346
0.023378 0.041338 0.015915 0.012695 0.8121 0.005159 0.005159 0.011661 0.072598
0.0093773 0.89331 0.0080899 0.0074298 0.055668 0.003116 0.003116 0.0061847 0.013708
0.02892 0.40392 0.04355 0.032654 0.35842 0.010169 0.010169 0.024943 0.087255
0.019481 0.27387 0.022877 0.018115 0.60072 0.0066857 0.0066857 0.014402 0.037162
0.022845 0.057369 0.015442 0.015052 0.74235 0.0062043 0.0062043 0.013551 0.12098
0.0058483 0.010697 0.0050588 0.004615 0.9531 0.0019176 0.0019176 0.0040881 0.012753
0.0070998 0.016372 0.0057684 0.0055744 0.94395 0.0021989 0.0021989 0.0055112 0.011325
0.033641 0.20417 0.020919 0.01864 0.62802 0.0074842 0.0074842 0.01622 0.063424
0.0046072 0.0076775 0.004158 0.0035664 0.96452 0.0014949 0.0014949 0.0032375 0.0092424
0.0084849 0.024294 0.0073122 0.0074997 0.92316 0.0028227 0.0028227 0.0075251 0.016081
0.043805 0.31152 0.027354 0.021467 0.49989 0.0083425 0.0083425 0.016475 0.062804
0.014804 0.68758 0.018084 0.015509 0.22004 0.0053974 0.0053974 0.010993 0.022189
0.0072753 0.01581 0.0055849 0.0052003 0.94527 0.0021371 0.0021371 0.0045391 0.012047
0.013045 0.02546 0.0086363 0.0076344 0.91237 0.0036562 0.0036562 0.0080125 0.01753
0.019539 0.71608 0.015444 0.014527 0.17352 0.0062653 0.0062653 0.012356 0.036007
0.017554 0.52894 0.016653 0.016874 0.37103 0.0059741 0.0059741 0.013338 0.02367
0.011104 0.032714 0.0079093 0.007296 0.9038 0.0030805 0.0030805 0.0066165 0.024397
0.0059482 0.016492 0.0053724 0.005355 0.9475 0.0020545 0.0020545 0.0048253 0.010398
0.0062056 0.93714 0.0053819 0.0051369 0.029481 0.0021295 0.0021295 0.0042438 0.0081475
0.0095216 0.030491 0.0070233 0.006459 0.91996 0.0026922 0.0026922 0.0052279 0.015938
0.02842 0.061248 0.018293 0.015798 0.77272 0.0078753 0.0078753 0.015268 0.072504
0.040889 0.052316 0.022256 0.018374 0.74043 0.0088374 0.0088374 0.022118 0.085942
0.016821 0.051406 0.011351 0.010728 0.86417 0.0048951 0.0048951 0.01042 0.025309
0.012219 0.018126 0.0073758 0.0069009 0.9195 0.0028852 0.0028852 0.0062547 0.023858
0.011522 0.85195 0.010358 0.0092209 0.083117 0.0039196 0.0039196 0.00777 0.018223
0.022985 0.20665 0.022343 0.029284 0.63512 0.0076108 0.0076108 0.016771 0.051631
0.015287 0.050611 0.011675 0.010576 0.86871 0.005281 0.005281 0.010083 0.022497
0.031899 0.036669 0.016376 0.013133 0.8291 0.0065303 0.0065303 0.014038 0.045721
0.040957 0.067484 0.016874 0.014569 0.79737 0.007028 0.007028 0.015371 0.033314
0.040302 0.19496 0.023063 0.022278 0.63032 0.0092113 0.0092113 0.017715 0.052941
0.0091518 0.028025 0.0071047 0.0085788 0.92213 0.0027102 0.0027102 0.0054687 0.014124
0.019781 0.048923 0.014489 0.013862 0.76737 0.0057158 0.0057158 0.01218 0.11196
0.006181 0.014117 0.0054557 0.0051076 0.94944 0.002043 0.002043 0.0054803 0.010134
0.0061537 0.016131 0.0047335 0.0046325 0.95156 0.0023323 0.0023323 0.0041021 0.0080241
0.011072 0.019236 0.0065502 0.0063401 0.93316 0.003193 0.003193 0.0058914 0.01137
0.043729 0.10711 0.020165 0.020333 0.72183 0.0086237 0.0086237 0.016586 0.052998
0.029402 0.059148 0.019375 0.016992 0.77609 0.0075923 0.0075923 0.016224 0.067586
0.021469 0.34203 0.023495 0.018522 0.51601 0.0071337 0.0071337 0.014737 0.049465
0.015778 0.02446 0.010565 0.0095779 0.86388 0.0040484 0.0040484 0.0099966 0.05764
0.0065696 0.016314 0.00533 0.0048054 0.9483 0.0019932 0.0019932 0.003894 0.010802
0.021285 0.11343 0.017798 0.015671 0.7282 0.0065363 0.0065363 0.014282 0.076267
0.02183 0.52394 0.026489 0.019104 0.34472 0.0070763 0.0070763 0.015109 0.03466
0.023815 0.018015 0.010987 0.0086103 0.89343 0.0037085 0.0037085 0.0078676 0.029864
0.011675 0.82041 0.0098184 0.009731 0.1157 0.0040223 0.0040223 0.008274 0.016345
0.012983 0.80027 0.011707 0.011315 0.12678 0.0046249 0.0046249 0.0091634 0.018536
0.22959 0.042052 0.023219 0.018452 0.60323 0.0077868 0.0077868 0.016268 0.051616
0.0051755 0.0085187 0.0044685 0.0040152 0.95957 0.0016817 0.0016817 0.0036963 0.011193
0.0048985 0.0086369 0.0043759 0.0039171 0.96019 0.0016377 0.0016377 0.0032876 0.011417
0.01375 0.79853 0.011505 0.010641 0.12794 0.0043433 0.0043433 0.0087996 0.020152
0.0099929 0.88463 0.0084263 0.0076119 0.06243 0.0032363 0.0032363 0.0064071 0.014028
0.014827 0.15919 0.016995 0.013508 0.75137 0.0067223 0.0067223 0.011245 0.01942
0.010689 0.038088 0.0083111 0.0078168 0.90513 0.0038724 0.0038724 0.0067055 0.015515
0.007963 0.91001 0.0073857 0.006812 0.045618 0.0027319 0.0027319 0.0054533 0.011292
0.017123 0.11607 0.013634 0.017088 0.78244 0.0052558 0.0052558 0.010823 0.032306
0.10159 0.043804 0.018701 0.017344 0.72535 0.0071888 0.0071888 0.015277 0.063556
0.014819 0.025324 0.0097034 0.0088803 0.87784 0.0036978 0.0036978 0.0077024 0.048333
0.013335 0.026352 0.0084724 0.0078556 0.89672 0.0033507 0.0033507 0.0079192 0.032642
0.018009 0.032691 0.01161 0.010832 0.84021 0.0045736 0.0045736 0.010083 0.067413
0.0052053 0.0091846 0.0043716 0.0039962 0.96099 0.0016537 0.0016537 0.0038368 0.0091064
0.0092627 0.026672 0.0078384 0.0067294 0.92594 0.0026532 0.0026532 0.0059427 0.012305
0.031482 0.09141 0.015938 0.013633 0.78663 0.0055041 0.0055041 0.011204 0.038699
0.027519 0.13509 0.016785 0.015242 0.72702 0.0060842 0.0060842 0.012056 0.054117
0.021079 0.13766 0.024163 0.018443 0.68678 0.0091916 0.0091916 0.015618 0.077874
0.023666 0.74649 0.017102 0.021759 0.13057 0.0079815 0.0079815 0.013975 0.03048
0.012356 0.83973 0.010294 0.010459 0.089654 0.0040586 0.0040586 0.0079788 0.021409
0.019407 0.03565 0.014327 0.011378 0.83758 0.0048351 0.0048351 0.011785 0.060206
0.0048245 0.0097635 0.0041862 0.0038601 0.96219 0.0015977 0.0015977 0.0035479 0.0084358
0.014461 0.089235 0.011259 0.011312 0.83424 0.0043807 0.0043807 0.0090806 0.021655
0.020454 0.14442 0.015386 0.015239 0.7466 0.0058917 0.0058917 0.013275 0.032842
0.017029 0.11843 0.013716 0.01389 0.78807 0.005063 0.005063 0.010483 0.028252
0.013832 0.040355 0.012382 0.0099107 0.86775 0.0041461 0.0041461 0.0097701 0.037703
0.013792 0.83995 0.014654 0.015504 0.06529 0.0047615 0.0047615 0.01022 0.03107
0.0081282 0.032575 0.0069998 0.0064259 0.92225 0.0026473 0.0026473 0.0057115 0.012619
0.015571 0.081326 0.013206 0.013078 0.82328 0.0061353 0.0061353 0.010591 0.030681
0.096609 0.14927 0.023649 0.022923 0.60134 0.0093434 0.0093434 0.019323 0.0682
0.0046807 0.0084649 0.0040019 0.0036575 0.96365 0.0015464 0.0015464 0.003169 0.0092845
0.014549 0.84549 0.014416 0.016177 0.059824 0.0048559 0.0048559 0.010373 0.029463
0.015494 0.73515 0.015034 0.013871 0.17308 0.0069937 0.0069937 0.011935 0.021455
0.013175 0.056947 0.01117 0.010485 0.85106 0.004225 0.004225 0.0083829 0.040333
0.024031 0.043873 0.012679 0.011624 0.84125 0.0048158 0.0048158 0.010666 0.046244
0.0056339 0.015353 0.0047012 0.0046084 0.95231 0.0022466 0.0022466 0.0041726 0.0087275
0.020898 0.61427 0.019648 0.018376 0.25721 0.0090021 0.0090021 0.017312 0.034282
0.022705 0.58194 0.01891 0.02298 0.2701 0.0072823 0.0072823 0.015903 0.052897
0.019269 0.037502 0.013035 0.011949 0.82597 0.0050133 0.0050133 0.011802 0.070445
0.025989 0.61454 0.032507 0.02586 0.18662 0.0086494 0.0086494 0.019116 0.078062
0.014299 0.088307 0.012651 0.01162 0.8259 0.0045947 0.0045947 0.010336 0.027703
0.019539 0.41819 0.017704 0.019201 0.46811 0.006474 0.006474 0.013613 0.030691
0.012764 0.026888 0.0089138 0.0077915 0.90377 0.0031655 0.0031655 0.0071186 0.026419
0.0049479 0.0095309 0.0042624 0.0039394 0.96029 0.0016567 0.0016567 0.0035123 0.010205
0.016896 0.1098 0.01329 0.014205 0.79542 0.0052193 0.0052193 0.01099 0.028963
0.0087622 0.90327 0.0076564 0.0069727 0.050314 0.0029219 0.0029219 0.0057553 0.011425
0.018718 0.60611 0.017281 0.017208 0.28 0.0062813 0.0062813 0.013797 0.034324
0.024158 0.59551 0.033394 0.027263 0.20935 0.0084747 0.0084747 0.017944 0.07543
0.018037 0.78949 0.015706 0.019512 0.098511 0.0063751 0.0063751 0.011948 0.034047
0.041648 0.10991 0.017237 0.016828 0.73491 0.0067041 0.0067041 0.016061 0.049991
0.0043077 0.0082228 0.0037223 0.0035606 0.96587 0.0014579 0.0014579 0.0029818 0.0084161
0.0062819 0.014569 0.0055875 0.0051202 0.94593 0.0021172 0.0021172 0.0049928 0.013287
0.01308 0.053776 0.010865 0.013183 0.86496 0.004204 0.004204 0.0089113 0.026816
0.038806 0.10721 0.023902 0.019393 0.64676 0.0080328 0.0080328 0.017666 0.13019
0.0088228 0.034887 0.0081378 0.0085483 0.90656 0.0029847 0.0029847 0.005965 0.021105
0.08804 0.10556 0.03377 0.029248 0.52871 0.01372 0.01372 0.036868 0.15037
0.012703 0.85499 0.013552 0.011717 0.067217 0.004466 0.004466 0.0094371 0.02145
0.019047 0.57818 0.017202 0.021106 0.30732 0.0064333 0.0064333 0.012922 0.031357
0.013057 0.053938 0.011506 0.010011 0.85021 0.0043015 0.0043015 0.010364 0.042308
0.0052814 0.0087812 0.0042168 0.0039319 0.96077 0.0016564 0.0016564 0.0036229 0.010086
0.0050422 0.010292 0.0044385 0.0042042 0.95887 0.0017018 0.0017018 0.0034814 0.010266
0.0059666 0.014577 0.0053842 0.0049581 0.9458 0.0020712 0.0020712 0.0044641 0.014711
0.018904 0.2243 0.017889 0.017244 0.66335 0.0062033 0.0062033 0.013364 0.032547
0.017482 0.033325 0.016613 0.012383 0.83333 0.005057 0.005057 0.014241 0.062508
0.019866 0.085153 0.015092 0.013821 0.77508 0.005724 0.005724 0.012795 0.066743
0.015783 0.8556 0.010976 0.010594 0.072898 0.0042205 0.0042205 0.0087125 0.016993
0.017541 0.8094 0.019023 0.016132 0.081707 0.0054139 0.0054139 0.011377 0.033997
0.010051 0.050097 0.0084436 0.0096523 0.89458 0.0039372 0.0039372 0.0065555 0.012749
0.016295 0.12533 0.013321 0.012816 0.76562 0.0052148 0.0052148 0.010316 0.045871
0.027502 0.042667 0.012213 0.011319 0.84923 0.0047408 0.0047408 0.01099 0.036597
0.018168 0.10112 0.017253 0.013858 0.75523 0.0057495 0.0057495 0.011584 0.071291
0.013587 0.84458 0.010938 0.009903 0.086295 0.0039257 0.0039257 0.0080826 0.018764
0.014982 0.68221 0.013527 0.014368 0.22832 0.0053086 0.0053086 0.01044 0.025542
0.021436 0.565 0.025669 0.019205 0.29698 0.0095416 0.0095416 0.017754 0.034871
0.0084903 0.92321 0.0073593 0.0071638 0.029502 0.0028056 0.0028056 0.0057169 0.012944
0.01806 0.045325 0.012918 0.011926 0.82333 0.0049556 0.0049556 0.011845 0.066686
0.0069074 0.017123 0.0059721 0.0053673 0.94242 0.0022522 0.0022522 0.0049533 0.012753
0.011163 0.8496 0.0098255 0.0094526 0.088384 0.0039353 0.0039353 0.007926 0.015775
0.02555 0.092323 0.019783 0.018354 0.68749 0.007505 0.007505 0.020792 0.1207
0.0083215 0.016907 0.0072118 0.0064362 0.92212 0.0026959 0.0026959 0.005758 0.027858
0.022555 0.039686 0.013869 0.012965 0.78798 0.0053739 0.0053739 0.011529 0.10067
0.041021 0.071213 0.016514 0.015407 0.77113 0.0062677 0.0062677 0.014216 0.05796
0.0049239 0.0080234 0.004209 0.0038253 0.96223 0.001608 0.001608 0.0034546 0.010115
0.0048104 0.010693 0.0042142 0.0039669 0.95949 0.0016599 0.0016599 0.0035057 0.0099995
0.015153 0.11821 0.012673 0.01388 0.79843 0.0047562 0.0047562 0.0094754 0.022668
0.009078 0.90985 0.0086094 0.0097905 0.036297 0.0031106 0.0031106 0.0063661 0.013784
0.020295 0.46186 0.018669 0.017444 0.4158 0.0086029 0.0086029 0.014395 0.034327
0.0064694 0.93514 0.0060421 0.0058211 0.027024 0.0023317 0.0023317 0.0045873 0.010255
0.0045883 0.0085021 0.0039082 0.0035623 0.96547 0.0014785 0.0014785 0.003083 0.0079337
0.0063334 0.01298 0.0049723 0.0047414 0.95002 0.0019694 0.0019694 0.0039659 0.013051
0.0043638 0.0080899 0.004353 0.0036804 0.96402 0.001526 0.001526 0.0030002 0.009442
0.018612 0.55641 0.016071 0.016597 0.33485 0.0062839 0.0062839 0.012316 0.032576
0.00936 0.8951 0.0090006 0.0083519 0.050966 0.0041237 0.0041237 0.0069916 0.011985
0.014168 0.72697 0.014685 0.01305 0.18845 0.0050626 0.0050626 0.010571 0.021978
0.0053514 0.01015 0.0044624 0.0042454 0.95658 0.001775 0.001775 0.0037605 0.011902
0.007465 0.020245 0.0065592 0.0056678 0.93704 0.0023703 0.0023703 0.0049474 0.013332
0.0072613 0.93132 0.0066277 0.0067497 0.026732 0.0029774 0.0029774 0.0054106 0.0099426
0.0063932 0.93935 0.00565 0.0055798 0.024231 0.0022413 0.0022413 0.0044516 0.0098599
0.047551 0.083862 0.02159 0.01934 0.67613 0.0081989 0.0081989 0.020462 0.11466
0.030799 0.075177 0.014317 0.013121 0.80362 0.0054567 0.0054567 0.012601 0.039457
0.010955 0.020164 0.0073181 0.0067994 0.92084 0.0027726 0.0027726 0.0056212 0.02276
0.0063993 0.012664 0.0054585 0.0051087 0.94479 0.0021352 0.0021352 0.0045718 0.016738
0.0065849 0.014592 0.0064669 0.0056808 0.93959 0.0023043 0.0023043 0.005478 0.016997
0.0098659 0.89849 0.0090163 0.011242 0.042071 0.003327 0.003327 0.0071403 0.015526
0.015583 0.76512 0.014711 0.014008 0.13818 0.0068951 0.0068951 0.011638 0.026978
0.008832 0.9274 0.0069276 0.0068952 0.027127 0.0031883 0.0031883 0.0058633 0.010578
0.005743 0.94768 0.0051427 0.0051296 0.019647 0.0020491 0.0020491 0.0040032 0.008561
0.010539 0.020857 0.0081807 0.0071099 0.91688 0.002958 0.002958 0.0061554 0.024359
0.029691 0.052618 0.016311 0.015206 0.76969 0.0063192 0.0063192 0.013636 0.090211
0.0096622 0.069401 0.0083612 0.008749 0.87604 0.0032969 0.0032969 0.0063555 0.01484
0.0097212 0.91475 0.0087425 0.0078314 0.031675 0.0030714 0.0030714 0.0064759 0.014661
0.014888 0.827 0.013252 0.014993 0.073998 0.004979 0.004979 0.0099694 0.035938
0.014698 0.83391 0.014271 0.019018 0.056326 0.0051178 0.0051178 0.010203 0.041339
0.015006 0.41231 0.013714 0.014022 0.49673 0.0053849 0.0053849 0.010604 0.026845
0.015164 0.11078 0.014569 0.012922 0.79328 0.0050685 0.0050685 0.011024 0.03212
0.043978 0.13291 0.024002 0.023532 0.51262 0.0093093 0.0093093 0.019241 0.2251
0.0075113 0.012057 0.0065691 0.005775 0.93723 0.0024514 0.0024514 0.0057881 0.020163
0.0084977 0.02752 0.0077079 0.0070331 0.91645 0.002929 0.002929 0.0067098 0.020222
0.004679 0.0094741 0.0041835 0.0039159 0.9611 0.0016319 0.0016319 0.0036154 0.0097689
0.005742 0.014879 0.0052245 0.0047204 0.95124 0.0019477 0.0019477 0.0043354 0.0099628
0.015129 0.82794 0.013239 0.012547 0.08023 0.0047141 0.0047141 0.0098892 0.031599
0.0051287 0.95693 0.0046045 0.0045153 0.013921 0.0022127 0.0022127 0.0038555 0.0066202
0.0076594 0.92596 0.007065 0.007194 0.028373 0.002667 0.002667 0.0056173 0.012795
0.0076723 0.92299 0.0068 0.0063957 0.034185 0.0026678 0.0026678 0.0052244 0.011395
0.017134 0.70185 0.015548 0.014804 0.19596 0.0057323 0.0057323 0.012029 0.031214
