0.021966 0.03211 0.012725 0.012139 0.8477 0.0050407 0.0050407 0.011084 0.052199
0.017423 0.038794 0.018581 0.014245 0.80923 0.005723 0.005723 0.016964 0.073315
0.025226 0.12535 0.026063 0.0393 0.69761 0.0078557 0.0078557 0.018171 0.052567
0.03652 0.27223 0.026137 0.047918 0.52766 0.0093125 0.0093125 0.018572 0.052341
0.049739 0.33081 0.02908 0.04161 0.46413 0.0097981 0.0097981 0.022 0.043039
0.039907 0.62682 0.023487 0.043803 0.18843 0.0086053 0.0086053 0.018324 0.042011
0.047876 0.54399 0.023738 0.035278 0.26437 0.0088623 0.0088623 0.019615 0.047411
0.010605 0.86673 0.009646 0.0096068 0.069884 0.0036442 0.0036442 0.0071131 0.019124
0.0095809 0.90518 0.0084199 0.0086295 0.039642 0.0032732 0.0032732 0.0067584 0.015244
0.0081397 0.92255 0.00728 0.0075001 0.030889 0.0027907 0.0027907 0.0056116 0.012447
0.0070133 0.93277 0.0061491 0.0059423 0.028035 0.0024105 0.0024105 0.0047645 0.010503
0.0057648 0.94931 0.0052816 0.005471 0.017224 0.0020376 0.0020376 0.004069 0.0088058
0.0057942 0.94827 0.0053519 0.0053192 0.018203 0.0020417 0.0020417 0.0041328 0.008841
0.0064 0.93897 0.0059415 0.0054811 0.024834 0.0022711 0.0022711 0.0044791 0.0093483
0.016207 0.74672 0.013665 0.01178 0.17108 0.004837 0.004837 0.009828 0.021042
0.035919 0.49039 0.027438 0.024983 0.32493 0.0087541 0.0087541 0.018056 0.06078
0.028934 0.7021 0.018883 0.020509 0.17134 0.006688 0.006688 0.014119 0.030731
0.04814 0.44012 0.025809 0.026816 0.38198 0.0087084 0.0087084 0.017476 0.042245
0.024035 0.42541 0.022826 0.02279 0.41825 0.0078577 0.0078577 0.017388 0.053583
0.016241 0.76262 0.015694 0.014421 0.14724 0.0051896 0.0051896 0.010746 0.022652
0.01725 0.64996 0.016775 0.017449 0.25082 0.0059974 0.0059974 0.011946 0.023803
0.014482 0.81067 0.013846 0.014681 0.10606 0.0049345 0.0049345 0.010019 0.02037
0.0076347 0.92439 0.0070352 0.0065326 0.030634 0.0028382 0.0028382 0.0054755 0.012623
0.0080494 0.92437 0.0077086 0.0072998 0.028527 0.0034637 0.0034637 0.0060677 0.011054
0.0069549 0.93709 0.006716 0.0066155 0.01958 0.0038111 0.0038111 0.0056592 0.0097647
0.071861 0.64846 0.029161 0.025769 0.11337 0.016027 0.016027 0.024014 0.055309
0.099788 0.56192 0.033388 0.03081 0.12513 0.030665 0.030665 0.031901 0.055735
0.81817 0.027542 0.021884 0.017836 0.027283 0.016989 0.016989 0.019197 0.034115
0.9139 0.01175 0.012064 0.0095596 0.011793 0.0091252 0.0091252 0.010895 0.011788
0.89175 0.014814 0.016002 0.011524 0.015606 0.011059 0.011059 0.012886 0.015296
0.87285 0.0164 0.021306 0.013154 0.016854 0.012671 0.012671 0.014624 0.019467
0.88736 0.014174 0.017701 0.011989 0.016866 0.011461 0.011461 0.013848 0.015142
0.92269 0.0098142 0.0092583 0.0083609 0.013119 0.0084025 0.0084025 0.0094245 0.010532
0.90813 0.011596 0.010679 0.0095689 0.015359 0.0095268 0.0095268 0.010505 0.015105
0.65239 0.045008 0.027082 0.023384 0.14003 0.014241 0.014241 0.023998 0.059622
0.0075483 0.011408 0.0058553 0.0055098 0.94415 0.002769 0.002769 0.004853 0.015136
0.0079876 0.013245 0.0069953 0.0060298 0.93882 0.0030103 0.0030103 0.0062038 0.014693
0.0084405 0.016745 0.0073761 0.0058274 0.93766 0.0024845 0.0024845 0.0055785 0.013399
0.006703 0.016187 0.0061054 0.0050968 0.94639 0.002121 0.002121 0.0045459 0.010731
0.0071795 0.02329 0.0070268 0.0057799 0.93579 0.0023821 0.0023821 0.0052022 0.010963
0.010413 0.03114 0.0084556 0.0071988 0.91268 0.0030247 0.0030247 0.0062678 0.017791
0.0083489 0.01833 0.0064292 0.0059319 0.93656 0.0024456 0.0024456 0.005328 0.014182
0.0047995 0.010632 0.0039942 0.0036006 0.96391 0.0015206 0.0015206 0.0030873 0.0069341
0.0056689 0.012185 0.0049376 0.0045109 0.95479 0.0018349 0.0018349 0.0037589 0.010482
0.0079347 0.035708 0.0070947 0.0066729 0.91403 0.0027551 0.0027551 0.0053982 0.017651
0.0066072 0.029352 0.0057236 0.005734 0.9327 0.0022413 0.0022413 0.0044563 0.010944
0.010693 0.062541 0.0093749 0.009267 0.87531 0.0035529 0.0035529 0.0071904 0.018514
0.0062301 0.013356 0.0045274 0.0043149 0.95616 0.0017632 0.0017632 0.003611 0.0082696
0.011889 0.030232 0.0080091 0.0070525 0.91757 0.0028845 0.0028845 0.0063416 0.013135
0.030675 0.024182 0.010448 0.0091367 0.89096 0.0037737 0.0037737 0.0085022 0.018551
0.032265 0.024849 0.010667 0.010365 0.8679 0.0042128 0.0042128 0.010108 0.035418
0.019727 0.034749 0.010809 0.0097547 0.88059 0.0040077 0.0040077 0.0093279 0.02703
0.057819 0.048892 0.015931 0.015734 0.7877 0.0061662 0.0061662 0.014247 0.047343
0.016885 0.026612 0.0092776 0.01102 0.89825 0.0036254 0.0036254 0.0088308 0.021872
0.019982 0.03655 0.012353 0.010866 0.86881 0.0042852 0.0042852 0.009582 0.033284
0.010922 0.02919 0.0087373 0.0077281 0.91563 0.0029469 0.0029469 0.0065061 0.015393
0.014907 0.027623 0.0095153 0.0086483 0.90319 0.003421 0.003421 0.0080447 0.021232
0.007319 0.016418 0.0068701 0.0059707 0.9316 0.0024984 0.0024984 0.0051128 0.02171
0.0054169 0.010905 0.0047998 0.0043627 0.95469 0.0018425 0.0018425 0.0037643 0.012376
0.0056833 0.0091605 0.0043742 0.0039952 0.95949 0.0016864 0.0016864 0.0034932 0.010434
0.0049623 0.008299 0.0042827 0.0038979 0.96079 0.0016633 0.0016633 0.0036821 0.010763
0.0052926 0.0081699 0.0044402 0.0042609 0.95686 0.0017797 0.0017797 0.0037971 0.013615
0.0054638 0.0091838 0.0042152 0.0039314 0.95999 0.0016687 0.0016687 0.0035146 0.010364
0.0091763 0.018372 0.0069041 0.0058278 0.93362 0.0024784 0.0024784 0.0052118 0.015929
0.0053188 0.010401 0.004691 0.0043034 0.95534 0.0018189 0.0018189 0.0037958 0.012512
0.0086545 0.014973 0.0062133 0.0055841 0.9377 0.0023452 0.0023452 0.0050323 0.017148
0.008251 0.015657 0.0067236 0.0060455 0.93514 0.0024851 0.0024851 0.0053663 0.017847
0.0056418 0.010101 0.004541 0.0040907 0.95818 0.0017248 0.0017248 0.0037575 0.010236
0.004028 0.0071478 0.0036628 0.0032868 0.96867 0.0013703 0.0013703 0.0029729 0.007488
0.004711 0.010025 0.0040491 0.0037201 0.96199 0.0015715 0.0015715 0.0032662 0.0090997
0.0050468 0.00794 0.0040574 0.0038055 0.96166 0.0016062 0.0016062 0.00324 0.011036
0.0059076 0.0094636 0.0044102 0.004024 0.95945 0.0016937 0.0016937 0.0033752 0.0099846
0.0048499 0.0085884 0.0038709 0.0036967 0.96356 0.0015553 0.0015553 0.0034939 0.0088295
0.0069221 0.010627 0.0053333 0.004755 0.95151 0.0020012 0.0020012 0.004254 0.0126
0.0045864 0.0096586 0.0041333 0.0037627 0.96198 0.0015813 0.0015813 0.0031071 0.0096071
0.0040122 0.0078712 0.0035261 0.0033588 0.96687 0.0013904 0.0013904 0.0026954 0.008883
0.0047495 0.0081443 0.0037672 0.0036359 0.96343 0.0015393 0.0015393 0.0030258 0.010165
0.0057268 0.009497 0.0049365 0.0042086 0.95745 0.0017833 0.0017833 0.0037775 0.010835
0.0069054 0.012791 0.0055243 0.0051313 0.947 0.0021378 0.0021378 0.0049343 0.01344
0.0091602 0.010171 0.0052193 0.0048742 0.94807 0.0020605 0.0020605 0.0041584 0.014229
0.0065093 0.011449 0.00549 0.0048652 0.94953 0.0020144 0.0020144 0.0041464 0.013979
0.0075331 0.012041 0.006187 0.0049958 0.94651 0.0021161 0.0021161 0.004776 0.013723
0.013544 0.031792 0.0096185 0.0079967 0.9013 0.0033741 0.0033741 0.0071534 0.02185
0.019838 0.080755 0.015573 0.014386 0.78161 0.0059594 0.0059594 0.014082 0.061838
0.029486 0.41888 0.026433 0.024801 0.39633 0.0086555 0.0086555 0.018848 0.067914
0.026616 0.6495 0.025136 0.024383 0.16123 0.0079785 0.0079785 0.017789 0.07939
0.030566 0.46576 0.043173 0.034719 0.22636 0.010249 0.010249 0.027891 0.15104
0.0076396 0.93443 0.006253 0.0056231 0.026587 0.0023749 0.0023749 0.0048796 0.009839
0.01852 0.63395 0.017151 0.017164 0.25868 0.0062805 0.0062805 0.014602 0.027369
0.0064343 0.014869 0.0055847 0.0049558 0.94815 0.0020637 0.0020637 0.0048892 0.010989
0.90572 0.013152 0.014269 0.010354 0.011806 0.0098705 0.0098705 0.012218 0.012741
0.016359 0.032881 0.010747 0.0096942 0.88247 0.0044076 0.0044076 0.0084719 0.030563
0.033255 0.68543 0.017916 0.023113 0.18568 0.0065245 0.0065245 0.01322 0.028334
0.0091191 0.90973 0.0081115 0.0080683 0.039923 0.0030147 0.0030147 0.0061334 0.012889
0.89882 0.013201 0.015003 0.010765 0.013164 0.01048 0.01048 0.01364 0.014448
0.89381 0.014281 0.017238 0.011282 0.012155 0.0109 0.0109 0.012663 0.016775
0.90379 0.014481 0.010814 0.0096018 0.022195 0.007189 0.007189 0.010194 0.014548
0.031218 0.55708 0.041009 0.030734 0.15852 0.0097385 0.0097385 0.023049 0.13892
0.0052677 0.95279 0.0048702 0.0047842 0.01689 0.0018713 0.0018713 0.003718 0.0079358
0.0054357 0.95151 0.0049496 0.0047374 0.017565 0.0019121 0.0019121 0.0038313 0.0081469
0.91045 0.01193 0.014232 0.0095923 0.012414 0.0094992 0.0094992 0.010866 0.011515
0.0061097 0.94178 0.005529 0.0054531 0.023061 0.0021358 0.0021358 0.0042655 0.0095264
0.0076623 0.92675 0.0066695 0.0066999 0.029748 0.0025802 0.0025802 0.0058954 0.011411
0.0058566 0.94464 0.00559 0.00513 0.022066 0.002125 0.002125 0.0041077 0.0083554
0.0066972 0.93854 0.0064528 0.006247 0.02212 0.0027898 0.0027898 0.0050747 0.0092873
0.9108 0.011562 0.013143 0.0095305 0.013011 0.009468 0.009468 0.010246 0.012775
0.91443 0.010752 0.011209 0.0093827 0.01284 0.0090158 0.0090158 0.011062 0.012297
0.9023 0.012502 0.014617 0.010614 0.013215 0.010226 0.010226 0.013905 0.012396
0.0072299 0.015988 0.0059512 0.0050078 0.94691 0.0021618 0.0021618 0.0045661 0.010022
0.020069 0.55457 0.019462 0.020928 0.32292 0.0067641 0.0067641 0.014855 0.033672
0.0048241 0.95969 0.0043297 0.0044758 0.012526 0.0016893 0.0016893 0.003512 0.0072656
0.0090637 0.91789 0.0089339 0.0090007 0.017987 0.0088167 0.0088167 0.0088012 0.010694
0.072654 0.35595 0.033035 0.031715 0.36085 0.031734 0.031734 0.034035 0.048289
0.88034 0.01707 0.01885 0.012581 0.014684 0.012086 0.012086 0.015602 0.0167
0.90865 0.011577 0.013655 0.0098769 0.011216 0.0095774 0.0095774 0.012753 0.013113
0.91743 0.010646 0.011091 0.0090999 0.010367 0.0088048 0.0088048 0.011461 0.0123
0.0074674 0.0093347 0.0052285 0.0045177 0.9541 0.001917 0.001917 0.0042848 0.011228
0.0073707 0.011955 0.0056936 0.0048476 0.94985 0.0020413 0.0020413 0.0046983 0.011503
0.0062688 0.94387 0.0052929 0.005701 0.02144 0.0021139 0.0021139 0.0042388 0.0089641
0.005939 0.94369 0.0053906 0.0051543 0.023006 0.0020889 0.0020889 0.0041598 0.0084826
0.044172 0.41156 0.023918 0.029503 0.41704 0.0085056 0.0085056 0.017637 0.03916
0.012067 0.83453 0.011326 0.01127 0.095823 0.0042747 0.0042747 0.0087553 0.017676
0.0090667 0.012456 0.005522 0.0048749 0.94678 0.0020692 0.0020692 0.0045185 0.012642
0.024887 0.057997 0.020513 0.018374 0.77325 0.0072337 0.0072337 0.019265 0.071245
0.030648 0.42395 0.02215 0.025348 0.42457 0.0077688 0.0077688 0.016455 0.041337
0.009102 0.91324 0.008887 0.0084706 0.029194 0.0049955 0.0049955 0.0076885 0.013427
0.91325 0.011577 0.012212 0.0095169 0.011078 0.0091656 0.0091656 0.012166 0.011866
0.89877 0.013058 0.013639 0.010582 0.017776 0.010536 0.010536 0.011141 0.013959
0.92586 0.0096113 0.0095887 0.00825 0.01063 0.0079834 0.0079834 0.010421 0.0096685
0.0062765 0.014569 0.0050937 0.0047379 0.95115 0.001979 0.001979 0.0040857 0.010131
0.0052862 0.010637 0.0044481 0.0038788 0.96136 0.001626 0.001626 0.0034126 0.0077222
0.052963 0.049327 0.016662 0.017533 0.79866 0.0061173 0.0061173 0.013775 0.038844
0.036281 0.56992 0.023369 0.039408 0.2571 0.0081733 0.0081733 0.016075 0.041491
0.0058074 0.94897 0.0053711 0.0051392 0.018454 0.0019831 0.0019831 0.0039613 0.0083267
0.092101 0.43799 0.042137 0.035849 0.20562 0.035354 0.035354 0.040782 0.074814
0.028545 0.57355 0.029341 0.03135 0.18774 0.0090347 0.0090347 0.01975 0.11165
0.014413 0.04388 0.012668 0.012229 0.8656 0.0046465 0.0046465 0.011695 0.030219
0.0059167 0.94634 0.0054471 0.0059886 0.018623 0.0021018 0.0021018 0.0041877 0.0092977
0.038944 0.31116 0.031477 0.028276 0.49414 0.0090069 0.0090069 0.021939 0.056047
0.0050157 0.010881 0.004341 0.0040595 0.95827 0.0017069 0.0017069 0.0034639 0.010554
0.0044444 0.010851 0.0039524 0.0037269 0.96307 0.001543 0.001543 0.0034367 0.0074331
0.035303 0.23629 0.033575 0.028045 0.41554 0.010702 0.010702 0.029273 0.20056
0.01858 0.81202 0.011939 0.01207 0.1082 0.0045787 0.0045787 0.0095492 0.018486
0.013262 0.81691 0.012347 0.012179 0.10778 0.0046728 0.0046728 0.0094764 0.018703
0.0071797 0.93229 0.0066761 0.0064605 0.026064 0.0025525 0.0025525 0.005157 0.011065
0.0082509 0.01199 0.0052453 0.0046981 0.95116 0.0019874 0.0019874 0.0040916 0.01059
0.0055198 0.0136 0.0048837 0.0046895 0.95166 0.0019362 0.0019362 0.0039987 0.011774
0.0053838 0.012346 0.0046661 0.0041769 0.95757 0.0017457 0.0017457 0.0035557 0.008808
0.0096966 0.013032 0.0061573 0.0056676 0.93672 0.0023787 0.0023787 0.0049889 0.018978
0.024786 0.66515 0.018465 0.016842 0.2152 0.006446 0.006446 0.014241 0.032422
0.009302 0.91324 0.009016 0.0089848 0.028086 0.0057361 0.0057361 0.0077945 0.012108
0.014278 0.84302 0.013673 0.013642 0.06125 0.013222 0.013222 0.013301 0.014395
0.0058654 0.01299 0.004705 0.0042096 0.95623 0.001787 0.001787 0.0038676 0.0085536
0.033694 0.49022 0.056732 0.040339 0.18185 0.010701 0.010701 0.024791 0.15097
0.03306 0.70283 0.019831 0.029857 0.153 0.0069027 0.0069027 0.014231 0.033384
0.0064637 0.93875 0.0057157 0.0057902 0.024882 0.0022584 0.0022584 0.0044198 0.0094636
0.015209 0.78109 0.01518 0.014296 0.12345 0.0053262 0.0053262 0.01167 0.02845
0.042519 0.51286 0.024145 0.030875 0.31639 0.0084349 0.0084349 0.016882 0.03946
0.074476 0.20089 0.023752 0.02178 0.61042 0.0080617 0.0080617 0.017084 0.035481
0.89665 0.01385 0.016751 0.011009 0.013597 0.0106 0.0106 0.013214 0.013727
0.93008 0.008831 0.0088015 0.007735 0.011945 0.0076547 0.0076547 0.0084275 0.0088734
0.0055515 0.0092792 0.0042801 0.0039646 0.95922 0.001686 0.001686 0.0034212 0.010911
0.011161 0.020302 0.0088002 0.0079402 0.90378 0.0033177 0.0033177 0.0071963 0.03418
0.014349 0.036796 0.011395 0.010127 0.86493 0.004277 0.004277 0.010005 0.043841
0.0065462 0.94014 0.0058989 0.0055911 0.022085 0.0022805 0.0022805 0.0047443 0.010436
0.0083524 0.016323 0.0057564 0.0051261 0.94485 0.0021673 0.0021673 0.0048662 0.010391
0.024792 0.027456 0.0089207 0.0085804 0.89592 0.0035011 0.0035011 0.0070343 0.020294
0.010398 0.021251 0.0069068 0.0061578 0.93104 0.0025519 0.0025519 0.0054774 0.01366
0.0090957 0.90242 0.0079904 0.0080916 0.045547 0.0031162 0.0031162 0.0061446 0.014474
0.0063011 0.94039 0.0061125 0.0053177 0.024223 0.0022246 0.0022246 0.0044038 0.0088048
0.042677 0.59275 0.022405 0.022305 0.24948 0.0078851 0.0078851 0.015968 0.038646
0.083634 0.28311 0.036533 0.026922 0.46897 0.0097787 0.0097787 0.022925 0.058346
0.0068326 0.93905 0.0066453 0.0062968 0.019008 0.0038986 0.0038986 0.0057415 0.0086298
0.62222 0.049647 0.027174 0.022267 0.17066 0.01109 0.01109 0.024167 0.061689
0.0057711 0.014407 0.0044422 0.0040861 0.95653 0.0017246 0.0017246 0.0034835 0.0078283
0.0076597 0.015281 0.0057051 0.0050977 0.94511 0.002159 0.002159 0.0046542 0.012176
0.0050289 0.010368 0.0042911 0.0039875 0.96021 0.0016709 0.0016709 0.0035285 0.0092422
0.0043983 0.0090887 0.0039729 0.0035593 0.96474 0.0014908 0.0014908 0.0029309 0.008329
0.0067621 0.02371 0.006035 0.0057526 0.93535 0.0023319 0.0023319 0.0049871 0.012739
0.0095312 0.015685 0.005827 0.0053856 0.94392 0.0021781 0.0021781 0.0046185 0.010675
0.038949 0.68896 0.018572 0.024077 0.17003 0.006831 0.006831 0.014028 0.03172
0.010838 0.86196 0.010302 0.0089485 0.074394 0.003726 0.003726 0.0075025 0.018605
0.0079197 0.92363 0.0066473 0.0066889 0.030261 0.0026132 0.0026132 0.0054362 0.014191
0.0072581 0.93031 0.0062639 0.0062317 0.02928 0.0024905 0.0024905 0.0048656 0.010812
0.0062136 0.9446 0.0054122 0.0050842 0.02125 0.002071 0.002071 0.0041514 0.0091471
0.033264 0.48919 0.022804 0.025096 0.34906 0.0083407 0.0083407 0.019035 0.04487
0.040763 0.44965 0.023552 0.02231 0.38454 0.0083693 0.0083693 0.017288 0.045161
0.070561 0.24053 0.042799 0.032748 0.51487 0.0098825 0.0098825 0.021497 0.057232
0.011139 0.85331 0.0091418 0.009823 0.087628 0.0035543 0.0035543 0.0073701 0.014478
0.006737 0.93663 0.0062483 0.0061109 0.024685 0.0025037 0.0025037 0.0050189 0.009558
0.88073 0.015569 0.018984 0.012487 0.018117 0.012017 0.012017 0.014393 0.015683
0.89696 0.012651 0.016129 0.011042 0.013515 0.010614 0.010614 0.013765 0.014707
0.91541 0.010162 0.012464 0.0090322 0.011629 0.0089538 0.0089538 0.0098207 0.01357
0.93043 0.012773 0.0074663 0.0066655 0.017233 0.0032316 0.0032316 0.0058006 0.013173
0.0064521 0.010739 0.0046431 0.0042129 0.95719 0.0017771 0.0017771 0.0039125 0.009301
0.0038388 0.008407 0.0033814 0.0031121 0.97007 0.0013034 0.0013034 0.0026763 0.0059123
0.014279 0.034536 0.0087047 0.0092836 0.90338 0.0033659 0.0033659 0.0069782 0.016106
0.0049407 0.009091 0.0040626 0.0038379 0.96153 0.0016065 0.0016065 0.0033803 0.0099425
0.006737 0.010005 0.005217 0.0047426 0.95111 0.0020084 0.0020084 0.0051462 0.013025
0.0079692 0.91249 0.0074376 0.0068886 0.040592 0.0027414 0.0027414 0.0053857 0.013758
0.011249 0.88064 0.010444 0.0093853 0.054462 0.0037575 0.0037575 0.007568 0.018741
0.0052577 0.011725 0.004205 0.0038808 0.96036 0.001632 0.001632 0.0032649 0.0080435
0.0045211 0.011175 0.0039743 0.0036508 0.96364 0.001521 0.001521 0.0032292 0.0067653
0.0063701 0.94452 0.0064031 0.0064333 0.014279 0.0044271 0.0044271 0.0057467 0.0073922
0.89028 0.013931 0.015599 0.011629 0.016792 0.011208 0.011208 0.013643 0.015715
0.0085786 0.021964 0.0083973 0.0061389 0.93196 0.0025334 0.0025334 0.0052425 0.012652
0.0045803 0.0099681 0.0038714 0.0036279 0.96376 0.0015374 0.0015374 0.0032149 0.0079015
0.017977 0.06238 0.01513 0.0133 0.80667 0.0055715 0.0055715 0.015802 0.057592
0.0081784 0.90628 0.0074738 0.0073939 0.047811 0.0028642 0.0028642 0.0058989 0.011238
0.0046251 0.96095 0.0041334 0.0039124 0.012916 0.0016117 0.0016117 0.0031666 0.0070691
0.0061728 0.94418 0.005779 0.0054999 0.019244 0.0023104 0.0023104 0.004668 0.0098329
0.005235 0.012469 0.0047471 0.0042643 0.95595 0.0017665 0.0017665 0.003572 0.010225
0.0070295 0.92942 0.0066791 0.0063765 0.029908 0.0024802 0.0024802 0.0048616 0.010767
0.01738 0.037737 0.010183 0.015469 0.88199 0.0039989 0.0039989 0.0095327 0.019711
0.028895 0.14279 0.029334 0.046322 0.65366 0.0095517 0.0095517 0.023651 0.056246
0.052921 0.30132 0.031932 0.052378 0.446 0.01118 0.01118 0.02713 0.065963
0.00719 0.93016 0.0061614 0.0061107 0.0306 0.0024572 0.0024572 0.0049318 0.0099356
0.0061101 0.9473 0.005783 0.0055447 0.015872 0.0026213 0.0026213 0.0047197 0.009425
0.0052717 0.010523 0.0043849 0.0039629 0.96007 0.0016608 0.0016608 0.0033033 0.0091591
0.0068598 0.93505 0.00607 0.0059023 0.027148 0.0023772 0.0023772 0.0046879 0.0095274
0.006829 0.94054 0.006598 0.0064702 0.017094 0.0037007 0.0037007 0.0060018 0.0090618
0.0081542 0.92759 0.0079916 0.0078171 0.01948 0.0055419 0.0055419 0.0072777 0.010602
0.0072825 0.9364 0.0071551 0.0072582 0.013353 0.00703 0.00703 0.007099 0.0073967
0.20111 0.066229 0.020325 0.018084 0.61766 0.0076802 0.0076802 0.015111 0.046114
0.0063433 0.014686 0.0047923 0.0043479 0.95384 0.0018358 0.0018358 0.0037565 0.0085668
0.0059176 0.94907 0.005096 0.0051504 0.018062 0.0020156 0.0020156 0.0040657 0.0086061
0.0050977 0.95718 0.0045341 0.0043179 0.013569 0.0017712 0.0017712 0.0036574 0.0081013
0.90911 0.012914 0.013625 0.0097205 0.012071 0.0095553 0.0095553 0.010747 0.012701
0.0068354 0.010854 0.0052624 0.004551 0.95326 0.0019232 0.0019232 0.0039317 0.011456
0.0046782 0.96168 0.0042254 0.0040438 0.011566 0.0016331 0.0016331 0.0032549 0.00729
0.0071631 0.92921 0.0064457 0.0060072 0.030572 0.002454 0.002454 0.0048572 0.010837
0.8054 0.03093 0.021002 0.018063 0.038219 0.017639 0.017639 0.021584 0.029521
0.0085725 0.02207 0.0064409 0.0057358 0.93489 0.0024145 0.0024145 0.0051268 0.01233
0.0071437 0.019327 0.0060207 0.0058258 0.93863 0.0023309 0.0023309 0.0048749 0.013521
0.0047787 0.0079124 0.0039497 0.0037038 0.96282 0.0015639 0.0015639 0.0032445 0.01046
0.032052 0.21621 0.04575 0.041281 0.24274 0.010933 0.010933 0.02966 0.37044
0.027739 0.54784 0.02005 0.026618 0.31418 0.0071977 0.0071977 0.014409 0.034762
0.016373 0.70835 0.015712 0.012563 0.19943 0.0051563 0.0051563 0.010565 0.026694
0.0061923 0.94324 0.005616 0.0053101 0.02103 0.0021489 0.0021489 0.0043156 0.010001
0.0055825 0.95043 0.0051487 0.0050913 0.016768 0.0021825 0.0021825 0.0042715 0.0083464
0.91146 0.013123 0.012201 0.0094592 0.013011 0.0094464 0.0094464 0.010155 0.011701
0.0048909 0.013681 0.0042167 0.0039194 0.95893 0.0016566 0.0016566 0.0033667 0.0076867
0.0088297 0.015044 0.0070934 0.00658 0.91884 0.0027785 0.0027785 0.0061173 0.031941
0.032904 0.21814 0.048307 0.031833 0.39136 0.010863 0.010863 0.026863 0.22887
0.068843 0.1635 0.032201 0.067523 0.54392 0.012162 0.012162 0.026057 0.073638
0.88692 0.015354 0.016868 0.011775 0.017137 0.011549 0.011549 0.013199 0.015645
0.010354 0.02865 0.0088907 0.0078899 0.89557 0.0033467 0.0033467 0.0071971 0.03476
0.0058907 0.94754 0.0052862 0.0049909 0.018471 0.0020324 0.0020324 0.0042244 0.0095366
0.89258 0.014736 0.016959 0.011293 0.015561 0.011078 0.011078 0.012656 0.01406
0.038931 0.61298 0.021743 0.032425 0.22232 0.0079822 0.0079822 0.017608 0.03803
0.019952 0.66531 0.01653 0.014753 0.22292 0.0059322 0.0059322 0.011547 0.037128
0.0083729 0.89686 0.0076992 0.0076744 0.053459 0.0029472 0.0029472 0.006429 0.013614
0.005341 0.012719 0.0044116 0.0041681 0.95636 0.0017635 0.0017635 0.0036814 0.009792
0.0056017 0.94465 0.0050914 0.0046027 0.024492 0.0019299 0.0019299 0.0037814 0.0079233
0.013162 0.79653 0.010967 0.011325 0.13304 0.0042302 0.0042302 0.00936 0.017159
0.0060793 0.94934 0.0058307 0.0056097 0.012395 0.0037377 0.0037377 0.0056777 0.0075878
0.022944 0.71541 0.02275 0.021613 0.12428 0.021503 0.021503 0.022257 0.027744
0.0085986 0.020116 0.0067334 0.0055225 0.93829 0.0023125 0.0023125 0.0050652 0.01105
0.030422 0.049539 0.012896 0.012174 0.84198 0.0048979 0.0048979 0.011664 0.031533
0.080474 0.078486 0.019915 0.01907 0.72245 0.0076987 0.0076987 0.01909 0.045121
0.0050475 0.0097723 0.0047427 0.0041455 0.96043 0.0016997 0.0016997 0.0039686 0.0084895
0.0064014 0.010674 0.005611 0.0050323 0.9439 0.0021182 0.0021182 0.0041269 0.020017
0.073536 0.25486 0.038423 0.067257 0.43501 0.013294 0.013294 0.026597 0.077737
0.027978 0.38501 0.023902 0.031621 0.43327 0.0084695 0.0084695 0.017595 0.063682
0.0060903 0.94259 0.005335 0.0051402 0.022494 0.0020943 0.0020943 0.0041838 0.0099803
0.094305 0.049477 0.026251 0.025013 0.67606 0.024902 0.024902 0.025934 0.053163
0.004383 0.0090951 0.0038842 0.0035232 0.96564 0.0014803 0.0014803 0.0030781 0.0074397
0.031376 0.21939 0.039222 0.033 0.50967 0.010129 0.010129 0.026542 0.12054
0.0085092 0.91777 0.0073354 0.0082177 0.034621 0.0028459 0.0028459 0.0056791 0.012181
0.83982 0.028868 0.014181 0.011634 0.05403 0.0050359 0.0050359 0.012453 0.028946
0.059455 0.4107 0.031507 0.055855 0.33699 0.01187 0.01187 0.024117 0.057638
0.038717 0.59628 0.021259 0.022416 0.25038 0.0074765 0.0074765 0.014994 0.040998
0.0078179 0.92481 0.0073127 0.0068991 0.030287 0.0027076 0.0027076 0.0056934 0.011762
0.81951 0.03288 0.01966 0.016539 0.035923 0.016481 0.016481 0.019164 0.023358
0.89195 0.020476 0.010315 0.0090926 0.030316 0.0039218 0.0039218 0.007929 0.02208
0.0069311 0.015539 0.0054503 0.0049355 0.94792 0.002075 0.002075 0.0041451 0.01093
0.0078818 0.010057 0.0050869 0.0046078 0.95257 0.0019402 0.0019402 0.0042493 0.011667
0.00575 0.012764 0.0053338 0.0044603 0.95435 0.0018457 0.0018457 0.0040259 0.0096222
0.0043855 0.0095596 0.0038407 0.0035565 0.96525 0.0014828 0.0014828 0.0031808 0.0072596
0.0047432 0.0090869 0.0040343 0.0037939 0.96313 0.0015778 0.0015778 0.0032564 0.0087972
0.0045233 0.010653 0.0041127 0.0036378 0.96385 0.0015153 0.0015153 0.0030206 0.0071699
0.0067862 0.016498 0.0061422 0.0051756 0.94468 0.002175 0.002175 0.0052023 0.011161
0.0044373 0.013008 0.0039906 0.0036162 0.962 0.001516 0.001516 0.0030942 0.0068185
0.0057166 0.014428 0.0044129 0.004258 0.95614 0.0017416 0.0017416 0.0036239 0.0079399
0.0057072 0.0090343 0.004523 0.0041319 0.95997 0.0017198 0.0017198 0.0040558 0.0091346
0.031876 0.16031 0.070203 0.033086 0.40195 0.011122 0.011122 0.028865 0.25147
0.0064467 0.94213 0.006215 0.0060794 0.018278 0.003538 0.003538 0.0055431 0.008232
0.0063003 0.94557 0.0064728 0.0063219 0.0098493 0.0061868 0.0061868 0.0062585 0.006854
0.0083601 0.92408 0.0081135 0.008167 0.018352 0.0080037 0.0080037 0.0078548 0.0090605
0.0076296 0.0089884 0.0045068 0.0042198 0.95753 0.0017792 0.0017792 0.0038762 0.0096922
0.0080262 0.013387 0.0053486 0.0050409 0.94707 0.0021137 0.0021137 0.0045162 0.01238
0.032445 0.16548 0.038257 0.048032 0.38071 0.011357 0.011357 0.036035 0.27632
0.034566 0.64806 0.021094 0.029623 0.20028 0.0074196 0.0074196 0.015367 0.036177
0.036809 0.71717 0.018226 0.023911 0.15137 0.0063252 0.0063252 0.012275 0.027589
0.0050206 0.95657 0.0045636 0.0044052 0.014248 0.0019587 0.0019587 0.0037979 0.0074826
0.91678 0.010727 0.012428 0.008896 0.012061 0.0088775 0.0088775 0.010028 0.011321
0.0066981 0.012813 0.0055129 0.0047807 0.95023 0.0020101 0.0020101 0.0039509 0.011999
0.0046165 0.012038 0.0040325 0.0036983 0.9619 0.0015507 0.0015507 0.0032243 0.0073858
0.0080954 0.018514 0.0081155 0.0069147 0.91916 0.002785 0.002785 0.005719 0.027911
0.012457 0.85366 0.012093 0.010676 0.075862 0.0041506 0.0041506 0.0082612 0.018691
0.0068088 0.013538 0.0064274 0.0056556 0.9412 0.0023415 0.0023415 0.0057404 0.015943
0.027149 0.11097 0.02658 0.026941 0.6145 0.0085809 0.0085809 0.020891 0.15581
0.02313 0.70314 0.017678 0.016768 0.18271 0.0062164 0.0062164 0.012668 0.031478
0.0065941 0.9353 0.0060933 0.0058056 0.027468 0.0023434 0.0023434 0.0047067 0.0093428
0.0060511 0.010376 0.0047391 0.0041789 0.95728 0.0017632 0.0017632 0.0035149 0.010336
0.0067679 0.026069 0.0055693 0.0052904 0.93654 0.002185 0.002185 0.0046931 0.010702
0.0053895 0.010439 0.0050937 0.0044735 0.95409 0.0018431 0.0018431 0.0038208 0.013007
0.010379 0.90297 0.0072335 0.0068949 0.05044 0.002834 0.002834 0.0056421 0.01077
0.0044202 0.96474 0.0037515 0.0036112 0.010951 0.0015039 0.0015039 0.0032267 0.0062944
0.011732 0.88892 0.011649 0.010914 0.030619 0.011056 0.011056 0.011046 0.013003
0.0083923 0.01441 0.0071072 0.0058459 0.93976 0.0023769 0.0023769 0.0058574 0.013868
0.0052471 0.0086824 0.0048955 0.0041517 0.95988 0.0017162 0.0017162 0.0041927 0.009515
0.92003 0.013036 0.0086892 0.0079507 0.016419 0.0050381 0.0050381 0.0076647 0.016135
0.0063433 0.0089935 0.0044915 0.0040152 0.96191 0.0016581 0.0016581 0.0035539 0.0073808
0.0050143 0.0073682 0.0041703 0.0035699 0.96677 0.0014687 0.0014687 0.0032432 0.0069261
0.053595 0.43886 0.02835 0.041738 0.34209 0.01111 0.01111 0.020928 0.05222
0.046187 0.57682 0.02389 0.039506 0.22737 0.0088766 0.0088766 0.020782 0.047688
0.0057698 0.94705 0.0053303 0.0051489 0.020143 0.0020382 0.0020382 0.0039715 0.0085061
0.0087551 0.9221 0.0089099 0.0090982 0.015711 0.0085529 0.0085529 0.0088069 0.0095098
0.92126 0.010555 0.011062 0.0086456 0.01123 0.0086193 0.0086193 0.0091753 0.010838
0.0058272 0.012979 0.0045308 0.0041249 0.95737 0.0017338 0.0017338 0.0034416 0.0082562
0.0037321 0.0081105 0.0031324 0.0029727 0.97222 0.0012023 0.0012023 0.0025217 0.0049034
0.0067453 0.014385 0.006627 0.0056845 0.93851 0.0023799 0.0023799 0.0052543 0.018034
0.056524 0.49084 0.029688 0.04494 0.27611 0.010344 0.010344 0.021546 0.059664
0.010999 0.81966 0.010464 0.0096159 0.11804 0.0038798 0.0038798 0.007427 0.01603
0.00577 0.94853 0.0051481 0.0052554 0.018076 0.0021551 0.0021551 0.0043149 0.0085924
0.0047677 0.01317 0.0041553 0.0039477 0.95926 0.0016433 0.0016433 0.0033059 0.0081072
0.0052047 0.014386 0.0046252 0.004144 0.95672 0.001729 0.001729 0.0036078 0.0078557
0.021211 0.079409 0.023362 0.028359 0.75222 0.0071329 0.0071329 0.025622 0.055549
0.018502 0.62065 0.017309 0.016414 0.27317 0.0059456 0.0059456 0.013696 0.028368
0.0051148 0.95712 0.0046258 0.0045548 0.011988 0.0023967 0.0023967 0.0046526 0.0071554
0.006298 0.013067 0.0067196 0.0049436 0.95023 0.0020529 0.0020529 0.0050367 0.0096011
0.0053241 0.010959 0.0047047 0.0043508 0.95484 0.0018299 0.0018299 0.0037004 0.012465
0.010608 0.022414 0.01049 0.0090876 0.89827 0.0035179 0.0035179 0.010273 0.031825
0.015771 0.78115 0.014241 0.013703 0.12936 0.0049241 0.0049241 0.0097845 0.026141
0.0069337 0.93632 0.0059738 0.0055838 0.025045 0.0023645 0.0023645 0.0052337 0.010176
0.0063066 0.94077 0.0055665 0.0056239 0.024315 0.0021722 0.0021722 0.0043169 0.0087518
0.034722 0.20355 0.023734 0.025217 0.62165 0.0080508 0.0080508 0.017919 0.057109
0.02596 0.29088 0.019337 0.017749 0.58629 0.0066703 0.0066703 0.01554 0.030903
0.0045317 0.96232 0.0044458 0.0039118 0.010485 0.0018808 0.0018808 0.0037453 0.0068016
0.21386 0.090169 0.023743 0.020002 0.56591 0.0084525 0.0084525 0.016855 0.052553
0.007001 0.011654 0.0057589 0.0051738 0.94783 0.0020648 0.0020648 0.0043816 0.014076
0.0061879 0.012044 0.0060226 0.0055515 0.94498 0.0021221 0.0021221 0.00548 0.015491
0.0058861 0.943 0.0065388 0.0046688 0.023189 0.0019984 0.0019984 0.0041961 0.0085266
0.19303 0.092626 0.036299 0.035949 0.46038 0.03505 0.03505 0.041174 0.070441
0.0059179 0.008959 0.0046083 0.0040245 0.96105 0.00168 0.00168 0.0038297 0.0082499
0.0045195 0.0075368 0.0041335 0.0034831 0.96655 0.0014502 0.0014502 0.0030754 0.0077976
0.0067139 0.012609 0.0054473 0.0049043 0.95054 0.0020428 0.0020428 0.0044741 0.011231
0.0055728 0.011394 0.0047079 0.0043536 0.95521 0.0018161 0.0018161 0.0037077 0.011418
0.031657 0.65021 0.019599 0.029226 0.20246 0.0073272 0.0073272 0.015926 0.03627
0.011274 0.82102 0.010345 0.0098937 0.11171 0.003896 0.003896 0.0075519 0.020417
0.0058657 0.95263 0.0053755 0.0057858 0.010888 0.0032873 0.0032873 0.0048426 0.0080391
0.0037357 0.0075683 0.0032117 0.0030491 0.9712 0.0012706 0.0012706 0.0026948 0.0059951
0.03105 0.34764 0.022945 0.028298 0.47619 0.0082704 0.0082704 0.017659 0.059686
0.017066 0.69414 0.014476 0.014482 0.21472 0.0052607 0.0052607 0.010955 0.023642
0.043241 0.049328 0.01946 0.014547 0.80406 0.0059513 0.0059513 0.013558 0.043903
0.76176 0.053602 0.018376 0.01598 0.06178 0.0071378 0.0071378 0.014192 0.060034
0.010525 0.012335 0.0062285 0.0053855 0.94336 0.0022716 0.0022716 0.0051301 0.012495
0.0091631 0.012659 0.0062816 0.00548 0.94461 0.0022625 0.0022625 0.0058124 0.011468
0.0079811 0.01256 0.0054606 0.0050182 0.94994 0.0020789 0.0020789 0.0058067 0.0090754
0.02282 0.068476 0.025496 0.022352 0.67964 0.0077557 0.0077557 0.026098 0.1396
0.074858 0.36453 0.033289 0.049071 0.37789 0.011455 0.011455 0.025269 0.052179
0.03799 0.29494 0.020117 0.021518 0.5656 0.0070272 0.0070272 0.015692 0.030093
0.031416 0.30834 0.028737 0.027601 0.48366 0.027114 0.027114 0.02908 0.036936
0.90191 0.013098 0.013884 0.010261 0.015257 0.010253 0.010253 0.01132 0.013758
0.92614 0.0096247 0.010489 0.0080681 0.010469 0.0080653 0.0080653 0.0083917 0.010682
0.82824 0.022622 0.015443 0.014869 0.030809 0.011235 0.011235 0.015311 0.050238
0.0055196 0.013862 0.0043275 0.0040058 0.95746 0.0016948 0.0016948 0.0033534 0.0080847
0.0067834 0.01049 0.0045633 0.0042284 0.95674 0.0017876 0.0017876 0.0035894 0.01003
0.0062051 0.010635 0.0048934 0.0045846 0.95237 0.0019363 0.0019363 0.004069 0.013367
0.016229 0.035061 0.0093505 0.0097893 0.89691 0.0035187 0.0035187 0.0079118 0.017715
0.012752 0.020006 0.0085285 0.0089599 0.91594 0.0031437 0.0031437 0.0077101 0.01982
0.030114 0.086453 0.016738 0.020268 0.75504 0.006503 0.006503 0.014371 0.064015
0.011996 0.85335 0.010841 0.010288 0.072452 0.0041357 0.0041357 0.008883 0.023915
0.013277 0.03839 0.013113 0.011403 0.86265 0.0043865 0.0043865 0.010775 0.041615
0.076131 0.50245 0.037758 0.042896 0.25331 0.010637 0.010637 0.022981 0.043202
0.019234 0.62555 0.017149 0.015468 0.26747 0.005931 0.005931 0.01412 0.02914
0.076173 0.49663 0.032864 0.038841 0.22723 0.010812 0.010812 0.023325 0.083313
0.0059516 0.94813 0.0057756 0.0055617 0.015093 0.003266 0.003266 0.0049924 0.0079622
0.53819 0.084248 0.031084 0.031315 0.17974 0.030264 0.030264 0.032239 0.04265
0.075833 0.13879 0.036287 0.035638 0.58449 0.011166 0.011166 0.026733 0.079898
0.073505 0.13819 0.030001 0.032421 0.60245 0.0099302 0.0099302 0.023769 0.079811
0.033305 0.15844 0.032706 0.033381 0.61287 0.027236 0.027236 0.027921 0.046901
0.0055786 0.014113 0.0048318 0.0042833 0.95367 0.0018109 0.0018109 0.0039244 0.0099811
0.057676 0.094709 0.034428 0.032642 0.6443 0.009466 0.009466 0.02362 0.093695
0.036271 0.060515 0.018855 0.018209 0.79205 0.0061687 0.0061687 0.015175 0.046592
0.034157 0.071093 0.017684 0.01987 0.768 0.0064619 0.0064619 0.013653 0.062623
0.033376 0.19289 0.026068 0.028913 0.56776 0.0086975 0.0086975 0.01775 0.11584
0.018058 0.68072 0.016621 0.016351 0.21617 0.0056976 0.0056976 0.011958 0.028728
0.024624 0.57955 0.020251 0.020655 0.27295 0.0074736 0.0074736 0.018629 0.048394
0.018845 0.078788 0.019136 0.013609 0.81409 0.0053274 0.0053274 0.01278 0.0321
0.031523 0.045612 0.017293 0.013017 0.83986 0.0050847 0.0050847 0.012094 0.030435
0.015538 0.7913 0.011614 0.012366 0.12964 0.0045782 0.0045782 0.0091098 0.02128
0.0052842 0.95265 0.0049196 0.0049028 0.016879 0.0018862 0.0018862 0.0037261 0.0078684
0.0045671 0.010743 0.0038482 0.0035569 0.96469 0.0014811 0.0014811 0.0031335 0.0065019
0.018659 0.054665 0.017991 0.018876 0.7972 0.0059418 0.0059418 0.015944 0.064785
0.0049619 0.9563 0.0044621 0.0042246 0.015488 0.0017493 0.0017493 0.003448 0.0076188
0.017028 0.85328 0.016495 0.020227 0.025563 0.014211 0.014211 0.014497 0.024489
0.7585 0.031864 0.022644 0.020303 0.063339 0.020291 0.020291 0.022221 0.04055
0.0065021 0.017438 0.0051712 0.0051107 0.94668 0.0020725 0.0020725 0.0047506 0.010199
0.0076609 0.021136 0.00595 0.0061331 0.94028 0.0022504 0.0022504 0.0045992 0.0097441
0.016523 0.053326 0.018492 0.013574 0.8001 0.005579 0.005579 0.015908 0.070918
0.027418 0.042589 0.018558 0.014077 0.83286 0.0056476 0.0056476 0.012404 0.0408
0.037268 0.61692 0.021167 0.033961 0.22015 0.0076673 0.0076673 0.016538 0.038657
0.013333 0.85169 0.013684 0.013646 0.050767 0.01333 0.01333 0.013424 0.016793
0.025399 0.098433 0.025997 0.028989 0.68721 0.02418 0.02418 0.025095 0.06052
0.10264 0.32564 0.035786 0.036258 0.35163 0.033863 0.033863 0.033979 0.046343
0.0053865 0.011456 0.0048456 0.0041945 0.95647 0.0017665 0.0017665 0.0036204 0.01049
0.0049027 0.0077987 0.0041803 0.003795 0.96211 0.001597 0.001597 0.0031624 0.010858
0.0066734 0.020336 0.0057096 0.0050485 0.94343 0.0020988 0.0020988 0.0041954 0.010413
0.030578 0.1129 0.023641 0.023056 0.70041 0.0082381 0.0082381 0.018825 0.074109
0.076612 0.36609 0.035468 0.036105 0.37368 0.010746 0.010746 0.023956 0.066596
0.015658 0.031838 0.015312 0.010698 0.86546 0.0041928 0.0041928 0.0093273 0.043317
0.022618 0.068484 0.021491 0.017715 0.71645 0.0067229 0.0067229 0.014869 0.12493
0.0061064 0.94624 0.0055808 0.0053246 0.0193 0.0021116 0.0021116 0.0042894 0.008939
0.022593 0.034478 0.012328 0.011068 0.87909 0.0038884 0.0038884 0.0093764 0.023288
0.054891 0.31903 0.027945 0.030353 0.47429 0.0090997 0.0090997 0.020483 0.054813
0.020589 0.72881 0.015821 0.016228 0.1628 0.005873 0.005873 0.012825 0.031177
0.91608 0.012585 0.011291 0.0089153 0.011622 0.0089669 0.0089669 0.0092915 0.012282
0.79318 0.03279 0.016082 0.014909 0.068623 0.0074105 0.0074105 0.015961 0.043637
0.013133 0.024283 0.011529 0.013185 0.8783 0.0040787 0.0040787 0.0094467 0.04197
0.055362 0.36905 0.028267 0.039775 0.40157 0.010302 0.010302 0.021756 0.063617
0.044186 0.52777 0.023522 0.031228 0.29579 0.008318 0.008318 0.01827 0.042602
0.073509 0.22607 0.038473 0.036295 0.50644 0.010736 0.010736 0.024522 0.073214
0.013416 0.072709 0.010716 0.010309 0.84854 0.0040036 0.0040036 0.0078917 0.028416
0.021145 0.29195 0.017625 0.019137 0.57425 0.0068497 0.0068497 0.013709 0.048487
0.027619 0.48346 0.020585 0.019563 0.37942 0.0074062 0.0074062 0.015364 0.039179
0.0065177 0.94463 0.0054623 0.0050405 0.021461 0.0020699 0.0020699 0.004257 0.0084916
0.005186 0.95584 0.0048207 0.0046405 0.014385 0.0018266 0.0018266 0.0037372 0.0077354
0.018666 0.82237 0.015449 0.015762 0.064368 0.015205 0.015205 0.015525 0.017446
0.89503 0.014624 0.015031 0.011071 0.016199 0.010855 0.010855 0.011972 0.014363
0.92085 0.0114 0.011062 0.0085667 0.010264 0.0085937 0.0085937 0.0091056 0.011567
0.65206 0.041361 0.028272 0.025867 0.089329 0.025879 0.025879 0.027559 0.083793
0.0085649 0.014699 0.0076513 0.0070189 0.93422 0.005275 0.005275 0.006573 0.010723
0.0060719 0.012854 0.0048285 0.0044268 0.95359 0.0018622 0.0018622 0.0042318 0.010272
0.0046371 0.010128 0.0040931 0.0036761 0.96315 0.0015457 0.0015457 0.003191 0.0080319
0.0055432 0.01555 0.0047722 0.0044977 0.95246 0.0018801 0.0018801 0.0043027 0.0091173
0.006536 0.014547 0.0055799 0.0049698 0.94873 0.002041 0.002041 0.0041572 0.011401
0.012497 0.018348 0.007612 0.0084138 0.92723 0.0028278 0.0028278 0.0067171 0.013525
0.016816 0.73618 0.015643 0.014195 0.15425 0.0056025 0.0056025 0.011002 0.040712
0.32034 0.11095 0.048181 0.038314 0.29809 0.038069 0.038069 0.040541 0.067448
0.032747 0.049298 0.022236 0.019808 0.77868 0.019798 0.019798 0.020499 0.037136
0.0053458 0.015469 0.0041706 0.0038696 0.95788 0.0016211 0.0016211 0.0031023 0.0069232
0.033673 0.11459 0.032649 0.030562 0.5147 0.0095121 0.0095121 0.021341 0.23345
0.025789 0.12078 0.026633 0.02362 0.63322 0.0082466 0.0082466 0.020178 0.13329
0.023988 0.18223 0.030086 0.02075 0.64778 0.0076769 0.0076769 0.017481 0.062332
0.0049388 0.95812 0.0044352 0.0044769 0.012975 0.001741 0.001741 0.0035116 0.0080602
0.015902 0.84249 0.013649 0.013312 0.059427 0.013374 0.013374 0.013543 0.01493
0.0075378 0.030099 0.0065659 0.0063903 0.92533 0.0025261 0.0025261 0.0049448 0.014077
0.01201 0.03848 0.01039 0.0096801 0.86777 0.0039644 0.0039644 0.0081518 0.045588
0.016448 0.042507 0.013914 0.012315 0.84097 0.0047787 0.0047787 0.010679 0.053606
0.017637 0.049872 0.019835 0.019264 0.81385 0.016559 0.016559 0.01701 0.029412
0.014155 0.026738 0.0082117 0.0075391 0.90836 0.0031977 0.0031977 0.0062784 0.02232
0.020783 0.062655 0.017076 0.016326 0.74608 0.0066902 0.0066902 0.015224 0.10848
0.01864 0.047659 0.017305 0.015585 0.72325 0.0062992 0.0062992 0.014561 0.1504
0.030122 0.28443 0.04196 0.028321 0.44257 0.010189 0.010189 0.026619 0.12561
0.0052695 0.95317 0.0049971 0.0049607 0.015928 0.0018942 0.0018942 0.003645 0.0082371
0.05802 0.60669 0.030028 0.028837 0.14993 0.027863 0.027863 0.029053 0.041722
0.012821 0.013672 0.0077966 0.0073538 0.92308 0.0041981 0.0041981 0.0067175 0.020159
0.0085364 0.022661 0.0068612 0.0060139 0.93203 0.0026028 0.0026028 0.0050658 0.013624
0.032209 0.35684 0.021714 0.021986 0.4896 0.0076095 0.0076095 0.015677 0.046746
0.0078987 0.91928 0.0071032 0.0068913 0.035529 0.0027759 0.0027759 0.0056669 0.012084
0.012008 0.86823 0.011492 0.011491 0.05503 0.0078634 0.0078634 0.010225 0.015798
0.023904 0.063854 0.023328 0.020785 0.76431 0.020593 0.020593 0.022604 0.040027
0.050246 0.089986 0.024054 0.029523 0.72959 0.0079011 0.0079011 0.018531 0.042269
0.063543 0.2039 0.033042 0.042911 0.55497 0.01036 0.01036 0.022831 0.05808
0.049561 0.17818 0.035146 0.037816 0.61548 0.0093197 0.0093197 0.020921 0.04425
0.013003 0.025011 0.012625 0.010672 0.86182 0.0040828 0.0040828 0.0095513 0.059154
0.0096403 0.89161 0.0084808 0.0087434 0.043477 0.0033169 0.0033169 0.006811 0.024603
0.0049989 0.95688 0.0046324 0.0044674 0.014059 0.0019672 0.0019672 0.0038357 0.0071882
0.015076 0.034107 0.015206 0.015206 0.84836 0.014072 0.014072 0.015717 0.028188
0.0073773 0.01121 0.0050344 0.0047951 0.95223 0.0019895 0.0019895 0.0046278 0.010748
0.037136 0.27924 0.036842 0.03051 0.52545 0.0091682 0.0091682 0.02034 0.052148
0.030217 0.049467 0.014103 0.015327 0.82318 0.005393 0.005393 0.014513 0.042411
0.027767 0.37697 0.021196 0.021965 0.45198 0.0077273 0.0077273 0.015601 0.069072
0.0073281 0.92865 0.0066632 0.0065512 0.029231 0.0025585 0.0025585 0.0051785 0.011278
0.0051318 0.95592 0.0047851 0.004633 0.014216 0.0018405 0.0018405 0.0037886 0.0078465
0.0047788 0.96133 0.0045875 0.0043789 0.010097 0.0022331 0.0022331 0.0038161 0.0065437
0.0077335 0.9278 0.0074205 0.0073916 0.0232 0.0045676 0.0045676 0.0067813 0.010534
0.017145 0.036421 0.018809 0.018923 0.82297 0.016361 0.016361 0.018441 0.034568
0.012426 0.019813 0.0088347 0.0081963 0.91626 0.0046696 0.0046696 0.0092367 0.015898
0.0067034 0.013262 0.0049462 0.0047219 0.95269 0.0023884 0.0023884 0.004171 0.0087295
