0.022641 0.065076 0.025335 0.017873 0.74697 0.0072746 0.0072746 0.034845 0.072709
0.016143 0.033328 0.014407 0.011859 0.82351 0.0049295 0.0049295 0.016127 0.074763
0.015876 0.035863 0.019421 0.012385 0.83811 0.0050634 0.0050634 0.015694 0.052522
0.012675 0.025118 0.015721 0.010073 0.88024 0.004066 0.004066 0.015732 0.032313
0.029309 0.076712 0.028093 0.021826 0.59642 0.0088366 0.0088366 0.032662 0.19731
0.014335 0.035032 0.014221 0.011788 0.86012 0.0043675 0.0043675 0.011254 0.044519
0.017559 0.052794 0.015851 0.016379 0.79325 0.0056434 0.0056434 0.016848 0.076029
0.027171 0.087409 0.022201 0.023456 0.56855 0.0082816 0.0082816 0.022005 0.23265
0.019082 0.038944 0.015893 0.013192 0.78639 0.0053487 0.0053487 0.012793 0.10301
0.14536 0.042767 0.026724 0.027225 0.61241 0.0092181 0.0092181 0.02381 0.10327
0.24423 0.049704 0.047752 0.042943 0.33131 0.039337 0.039337 0.062793 0.1426
0.21588 0.053004 0.043234 0.04646 0.39574 0.037591 0.037591 0.042976 0.12752
0.050961 0.088053 0.039076 0.034053 0.34742 0.034336 0.034336 0.048279 0.32348
0.040456 0.096134 0.042345 0.034256 0.14302 0.032808 0.032808 0.045335 0.53284
0.038683 0.061047 0.030928 0.026695 0.57978 0.018278 0.018278 0.048623 0.17768
0.029767 0.040315 0.024593 0.021437 0.56562 0.012064 0.012064 0.031531 0.26261
0.030295 0.070166 0.027123 0.021318 0.5315 0.0088872 0.0088872 0.029445 0.27238
0.025546 0.062293 0.026783 0.019174 0.66579 0.0081082 0.0081082 0.031892 0.15231
0.019062 0.036901 0.018898 0.014894 0.73346 0.0062633 0.0062633 0.020681 0.14357
0.020087 0.031428 0.020391 0.014975 0.70634 0.0063139 0.0063139 0.018324 0.17582
0.020233 0.032016 0.023965 0.017213 0.54176 0.0067012 0.0067012 0.016149 0.33526
0.012212 0.01849 0.010864 0.0087138 0.88437 0.0036754 0.0036754 0.0083949 0.049608
0.0099685 0.017322 0.0084654 0.0069963 0.9204 0.0029489 0.0029489 0.0077894 0.023166
0.0081649 0.012007 0.0064015 0.0054922 0.94123 0.0023226 0.0023226 0.0062956 0.015761
0.0073254 0.011231 0.005903 0.0050283 0.94668 0.002127 0.002127 0.005646 0.013936
0.0057414 0.0080985 0.0046519 0.0041567 0.95645 0.0017507 0.0017507 0.0040789 0.013324
0.010751 0.012054 0.0073942 0.0058305 0.93869 0.0024458 0.0024458 0.0064353 0.01395
0.0088383 0.021561 0.0092045 0.006969 0.91916 0.0029577 0.0029577 0.0079037 0.020448
0.00746 0.016211 0.011348 0.0061084 0.93127 0.0025689 0.0025689 0.0055156 0.016949
0.0050816 0.010016 0.005236 0.0041341 0.95771 0.0017425 0.0017425 0.0038002 0.010541
0.005887 0.011415 0.0043333 0.0038154 0.9601 0.0016223 0.0016223 0.0031837 0.008023
0.0054813 0.0099634 0.0054975 0.004256 0.95777 0.0017587 0.0017587 0.0040738 0.0094368
0.01381 0.023024 0.0099839 0.0079289 0.91122 0.0032599 0.0032599 0.0073684 0.020147
0.0068917 0.01328 0.0052691 0.0044077 0.95437 0.0018417 0.0018417 0.0044609 0.0076369
0.0066026 0.0099859 0.0058657 0.0048102 0.95272 0.0020008 0.0020008 0.0053049 0.010711
0.0080869 0.011478 0.0075418 0.0056224 0.94069 0.0023668 0.0023668 0.0063755 0.015469
0.0069361 0.010618 0.0052198 0.0046829 0.95157 0.0019625 0.0019625 0.0050512 0.011996
0.0084404 0.017614 0.0076404 0.006313 0.93062 0.0026053 0.0026053 0.0059289 0.018231
0.011679 0.01794 0.0082952 0.0064812 0.92763 0.0026933 0.0026933 0.005682 0.016907
0.0081514 0.019099 0.0079712 0.0067022 0.92808 0.0026828 0.0026828 0.0064457 0.01818
0.0086771 0.016973 0.011322 0.0081276 0.92583 0.0029152 0.0029152 0.0065344 0.016703
0.0066666 0.013889 0.006712 0.0054721 0.94108 0.0022852 0.0022852 0.0050783 0.016528
0.0053091 0.011541 0.0047606 0.0050365 0.95584 0.0018239 0.0018239 0.0042349 0.009634
0.0047018 0.0085668 0.0046672 0.0039552 0.96198 0.0016084 0.0016084 0.0035116 0.0093982
0.0062209 0.022881 0.0064093 0.0053416 0.93908 0.0021944 0.0021944 0.0043309 0.011344
0.0046298 0.012084 0.0047751 0.0038343 0.96 0.0016169 0.0016169 0.003246 0.0081986
0.00576 0.016682 0.0050742 0.0047715 0.94874 0.0019793 0.0019793 0.0039335 0.011078
0.005043 0.012879 0.0048383 0.0040659 0.95771 0.0017118 0.0017118 0.0037194 0.0083177
0.004815 0.013589 0.0045617 0.0039997 0.95839 0.0016625 0.0016625 0.0034944 0.0078258
0.0042029 0.0087926 0.0036148 0.0032599 0.96762 0.0013725 0.0013725 0.0029043 0.0068611
0.0053067 0.012107 0.0047474 0.0043437 0.95508 0.0018046 0.0018046 0.003667 0.011142
0.0068129 0.020253 0.0062787 0.0061381 0.93999 0.0022111 0.0022111 0.0043454 0.011756
0.012881 0.044576 0.01202 0.014691 0.85947 0.0044142 0.0044142 0.010225 0.03731
0.0079524 0.027731 0.0070949 0.0070841 0.92559 0.0025844 0.0025844 0.0052347 0.014146
0.0038138 0.006953 0.0033033 0.0030858 0.97003 0.0013111 0.0013111 0.0028039 0.0073854
0.029761 0.071252 0.033611 0.024489 0.63591 0.0094201 0.0094201 0.049301 0.13683
0.02168 0.057427 0.019416 0.01615 0.68724 0.0066403 0.0066403 0.014933 0.16987
0.21932 0.049394 0.028453 0.029326 0.52123 0.010054 0.010054 0.026731 0.10544
0.23582 0.055472 0.031274 0.032462 0.45076 0.011127 0.011127 0.031559 0.1404
0.024954 0.04087 0.025978 0.018538 0.52447 0.0076768 0.0076768 0.024376 0.32546
0.0079019 0.011572 0.006531 0.0053625 0.94638 0.0022398 0.0022398 0.0062208 0.011554
0.025141 0.081634 0.025925 0.018874 0.65937 0.0077353 0.0077353 0.020022 0.15357
0.0064645 0.010865 0.0058493 0.0050702 0.94406 0.0021401 0.0021401 0.005564 0.017847
0.0071205 0.015161 0.0070554 0.0056143 0.93777 0.0023903 0.0023903 0.0065948 0.015901
0.0057726 0.011132 0.0073554 0.0047722 0.95028 0.0019935 0.0019935 0.0040538 0.01265
0.0054855 0.011885 0.0070682 0.004521 0.95336 0.0018988 0.0018988 0.0039357 0.0099452
0.0066727 0.013633 0.0068479 0.0063949 0.94298 0.002283 0.002283 0.0053522 0.013551
0.037418 0.061772 0.036281 0.027128 0.13648 0.027672 0.027672 0.036281 0.6093
0.0305 0.046558 0.042962 0.029772 0.3429 0.029604 0.029604 0.042636 0.40547
0.023059 0.082263 0.021093 0.018221 0.71038 0.0071229 0.0071229 0.016758 0.11398
0.017021 0.0351 0.013787 0.012602 0.79313 0.0051371 0.0051371 0.012841 0.10525
0.025268 0.052697 0.027333 0.01847 0.094801 0.0096409 0.0096409 0.024147 0.738
0.021888 0.034918 0.022198 0.016757 0.3949 0.0070084 0.0070084 0.018471 0.47685
0.018634 0.036805 0.018255 0.015686 0.56774 0.0064245 0.0064245 0.016536 0.31349
0.010901 0.027041 0.01399 0.0083437 0.90159 0.0034852 0.0034852 0.0073257 0.023841
0.034625 0.045653 0.037664 0.030535 0.24526 0.029228 0.029228 0.045676 0.50213
0.0074442 0.009872 0.0053746 0.0049155 0.9466 0.0020666 0.0020666 0.0049197 0.016741
0.01823 0.039093 0.017005 0.013333 0.80532 0.0055085 0.0055085 0.01831 0.077693
0.02478 0.066198 0.023105 0.020221 0.67995 0.00813 0.00813 0.044391 0.12509
0.020458 0.033712 0.02427 0.015577 0.2115 0.0065781 0.0065781 0.02008 0.66125
0.021993 0.04344 0.026863 0.018062 0.3787 0.0074831 0.0074831 0.019394 0.47658
0.019563 0.038925 0.016561 0.013236 0.82107 0.0052948 0.0052948 0.013926 0.066127
0.021416 0.040881 0.016885 0.012894 0.82405 0.00514 0.00514 0.011672 0.06192
0.018608 0.043049 0.014962 0.016044 0.80078 0.0056797 0.0056797 0.017664 0.077532
0.0204 0.059415 0.018684 0.015706 0.76194 0.0063912 0.0063912 0.020089 0.090984
0.017107 0.031462 0.015483 0.013839 0.79583 0.0055579 0.0055579 0.020899 0.094261
0.12083 0.042166 0.023017 0.024003 0.6676 0.0082629 0.0082629 0.018538 0.087315
0.014308 0.03864 0.015565 0.011108 0.85669 0.0044262 0.0044262 0.011488 0.043344
0.0043645 0.010111 0.0041086 0.003647 0.96346 0.0015204 0.0015204 0.0030107 0.0082546
0.022184 0.038947 0.016524 0.014616 0.79624 0.0056364 0.0056364 0.014875 0.085346
0.016283 0.079414 0.015608 0.012624 0.80958 0.0051216 0.0051216 0.011651 0.044594
0.023877 0.058442 0.033015 0.024422 0.053669 0.022663 0.022663 0.034247 0.727
0.014525 0.043578 0.012549 0.011517 0.81981 0.0046981 0.0046981 0.01008 0.078547
0.016655 0.052665 0.014262 0.014249 0.81335 0.0052391 0.0052391 0.014061 0.064275
0.01048 0.026304 0.0094637 0.008655 0.88276 0.0035186 0.0035186 0.0075711 0.047727
0.012151 0.024647 0.011947 0.0094034 0.87127 0.0038241 0.0038241 0.0080548 0.054876
0.016606 0.033635 0.016896 0.012835 0.78712 0.0052298 0.0052298 0.01148 0.11097
0.0095468 0.029632 0.0099604 0.0073775 0.90858 0.0030723 0.0030723 0.0064798 0.022279
0.020086 0.043042 0.014502 0.015184 0.81363 0.0053525 0.0053525 0.013003 0.069847
0.012791 0.032025 0.0093965 0.0083985 0.89258 0.0034692 0.0034692 0.0076326 0.030238
0.033348 0.098316 0.025022 0.029669 0.6975 0.0081586 0.0081586 0.021074 0.078754
0.021177 0.054773 0.017448 0.013571 0.81677 0.0054132 0.0054132 0.013171 0.05226
0.028792 0.13928 0.021588 0.017592 0.67928 0.0072325 0.0072325 0.015889 0.08312
0.0060166 0.011187 0.0050126 0.0047544 0.95041 0.0019528 0.0019528 0.0043879 0.014328
0.025767 0.057889 0.032408 0.019643 0.2731 0.0084152 0.0084152 0.029336 0.54502
0.010069 0.025061 0.010524 0.0080312 0.90297 0.0033131 0.0033131 0.0077433 0.028976
0.013972 0.030113 0.012571 0.0094371 0.88268 0.003905 0.003905 0.0096989 0.033722
0.022984 0.13766 0.020511 0.024446 0.68899 0.0071426 0.0071426 0.015053 0.07608
0.006215 0.01594 0.0057842 0.005102 0.94537 0.0021168 0.0021168 0.0043464 0.013014
0.0095812 0.02422 0.011283 0.0080942 0.90288 0.0033406 0.0033406 0.0069843 0.030272
0.016815 0.047715 0.01284 0.011509 0.82876 0.0048603 0.0048603 0.010883 0.061757
0.02617 0.060963 0.06409 0.02299 0.11103 0.011392 0.011392 0.03358 0.65839
0.02425 0.054869 0.02836 0.019347 0.43985 0.008211 0.008211 0.026721 0.39018
0.005657 0.011864 0.0049075 0.004326 0.9555 0.0018216 0.0018216 0.0041131 0.0099904
0.021482 0.074542 0.016422 0.015734 0.78525 0.0059294 0.0059294 0.01405 0.060658
0.014618 0.026345 0.015127 0.012881 0.051186 0.0092099 0.0092099 0.017608 0.84382
0.024525 0.049217 0.029293 0.022537 0.14111 0.016971 0.016971 0.032443 0.66694
0.020424 0.050298 0.029796 0.016861 0.10033 0.0073238 0.0073238 0.020874 0.74676
0.020021 0.029623 0.020507 0.014515 0.15309 0.0060481 0.0060481 0.018774 0.73137
0.0049856 0.010003 0.0055351 0.0039986 0.96016 0.0016617 0.0016617 0.0032522 0.0087437
0.0057356 0.012454 0.0051971 0.0049467 0.95084 0.0019595 0.0019595 0.0044709 0.012439
0.027665 0.043867 0.027392 0.019668 0.33516 0.0089695 0.0089695 0.027273 0.50103
0.047039 0.070757 0.041619 0.023779 0.23961 0.0097501 0.0097501 0.029896 0.5278
0.0066792 0.010672 0.0057316 0.0050729 0.94217 0.0021394 0.0021394 0.0045403 0.020855
0.0080479 0.031161 0.0069263 0.0064134 0.92332 0.0025718 0.0025718 0.0051515 0.013838
0.0059913 0.011727 0.0061343 0.0053561 0.94847 0.0020948 0.0020948 0.0053533 0.012781
0.003658 0.0066206 0.0031731 0.0029244 0.97281 0.0012124 0.0012124 0.0024035 0.0059845
0.01505 0.038843 0.01136 0.010237 0.86175 0.0041871 0.0041871 0.00924 0.045143
0.0112 0.025502 0.0098781 0.0084938 0.88882 0.00347 0.00347 0.0078006 0.04137
0.020923 0.033518 0.021708 0.016771 0.18128 0.0064792 0.0064792 0.02032 0.69252
0.006251 0.01374 0.0053171 0.0047558 0.95046 0.0019721 0.0019721 0.0039824 0.011546
0.0055094 0.012452 0.0047511 0.0044581 0.95223 0.0018872 0.0018872 0.0039729 0.012849
0.0049614 0.012023 0.0044059 0.004042 0.95762 0.0017094 0.0017094 0.0034128 0.010119
0.011719 0.022655 0.01126 0.0090006 0.039583 0.004557 0.004557 0.0097957 0.88687
0.0096778 0.02006 0.0095966 0.0077941 0.040845 0.0034611 0.0034611 0.0091145 0.89599
0.03152 0.045038 0.034689 0.020827 0.46124 0.0088925 0.0088925 0.035406 0.3535
0.0064519 0.016506 0.0057768 0.005162 0.9457 0.0020513 0.0020513 0.0045486 0.011756
0.0048825 0.011137 0.0043131 0.0040472 0.95994 0.0016508 0.0016508 0.0032113 0.0091666
0.0051843 0.0097275 0.0044703 0.0041571 0.95716 0.0017497 0.0017497 0.0033644 0.012439
0.014215 0.04064 0.013428 0.01185 0.81609 0.0048248 0.0048248 0.010337 0.083786
0.0090686 0.024924 0.0095268 0.0072627 0.90597 0.0030685 0.0030685 0.0067953 0.030318
0.01828 0.060913 0.011957 0.012703 0.85099 0.0043359 0.0043359 0.0099252 0.026565
0.021935 0.064816 0.019041 0.014331 0.78758 0.0058444 0.0058444 0.013551 0.067058
0.016385 0.030096 0.013384 0.011138 0.090882 0.0051508 0.0051508 0.011253 0.81656
0.011407 0.014892 0.0097337 0.0073974 0.028001 0.0030815 0.0030815 0.0096161 0.91279
0.023866 0.035881 0.026634 0.016933 0.26948 0.0071221 0.0071221 0.019791 0.59317
0.0066317 0.011869 0.0057203 0.0050463 0.94396 0.0021276 0.0021276 0.0044721 0.01805
0.010643 0.035468 0.010262 0.0081822 0.89118 0.003467 0.003467 0.0080771 0.029252
0.026752 0.32911 0.029343 0.030969 0.46662 0.0088299 0.0088299 0.017749 0.081801
0.023618 0.49735 0.021352 0.023561 0.35018 0.0075259 0.0075259 0.015944 0.052936
0.010769 0.016977 0.008387 0.0074467 0.043935 0.0030905 0.0030905 0.0067214 0.89958
0.013094 0.016759 0.009004 0.0073867 0.91048 0.0030896 0.0030896 0.0068829 0.030211
0.0072707 0.026061 0.0064 0.0056585 0.93281 0.0023532 0.0023532 0.0045506 0.012545
0.021995 0.057613 0.015129 0.015382 0.80271 0.0056145 0.0056145 0.013649 0.062292
0.20057 0.056172 0.029559 0.031614 0.47645 0.010833 0.010833 0.030037 0.15393
0.014039 0.020448 0.013563 0.010302 0.10792 0.004307 0.004307 0.010332 0.81479
0.0072906 0.014868 0.0069069 0.006679 0.93539 0.0023648 0.0023648 0.0051567 0.018977
0.0085303 0.017976 0.0081397 0.0083385 0.92119 0.0028263 0.0028263 0.0061382 0.024035
0.05633 0.10459 0.029164 0.025114 0.67657 0.0084621 0.0084621 0.017587 0.073725
0.021077 0.087324 0.02158 0.018451 0.74036 0.0065724 0.0065724 0.013742 0.084325
0.013865 0.043761 0.013675 0.010648 0.83954 0.0044606 0.0044606 0.0090994 0.060489
0.01854 0.54265 0.016886 0.018869 0.34544 0.0063726 0.0063726 0.013071 0.031797
0.023248 0.1505 0.01825 0.021091 0.68208 0.0070921 0.0070921 0.015948 0.074693
0.016083 0.026426 0.011877 0.010173 0.04983 0.0049781 0.0049781 0.011271 0.86438
0.025717 0.041819 0.023091 0.01468 0.10181 0.0061882 0.0061882 0.015732 0.76477
0.0072806 0.011008 0.0063119 0.0056674 0.032573 0.0023663 0.0023663 0.0052834 0.92714
0.015623 0.020553 0.012385 0.010339 0.076038 0.0041931 0.0041931 0.012637 0.84404
0.0070188 0.016252 0.0056492 0.005383 0.93933 0.0022639 0.0022639 0.0054108 0.016426
0.0060408 0.013485 0.005523 0.0049113 0.94558 0.0020617 0.0020617 0.0042533 0.016084
0.021075 0.64104 0.018969 0.02304 0.22061 0.0068398 0.0068398 0.014379 0.047204
0.011326 0.025601 0.010216 0.0090396 0.068295 0.0037661 0.0037661 0.0083032 0.85969
0.0078303 0.011149 0.0070258 0.0055401 0.025159 0.0023158 0.0023158 0.0052588 0.93341
0.019626 0.024406 0.016542 0.013089 0.19736 0.0054922 0.0054922 0.012488 0.7055
0.022438 0.029041 0.017157 0.014545 0.28753 0.0061821 0.0061821 0.015294 0.60163
0.007459 0.017092 0.0071074 0.0063253 0.92542 0.0026157 0.0026157 0.0055763 0.02579
0.0088779 0.021609 0.0090361 0.0073718 0.91462 0.0029866 0.0029866 0.0072431 0.025272
0.0052513 0.012539 0.0046339 0.0043566 0.95472 0.0017963 0.0017963 0.0037571 0.011146
0.025016 0.12322 0.028899 0.026795 0.6906 0.0076916 0.0076916 0.016871 0.073221
0.15673 0.049552 0.044574 0.046373 0.39562 0.037418 0.037418 0.04167 0.19065
0.016041 0.02306 0.016239 0.011919 0.15492 0.005001 0.005001 0.011321 0.7565
0.018126 0.032213 0.013451 0.011559 0.84592 0.0048656 0.0048656 0.012995 0.056
0.0061388 0.014191 0.0054623 0.004926 0.94528 0.0020834 0.0020834 0.0044782 0.015357
0.039922 0.15272 0.023427 0.020434 0.62712 0.0084741 0.0084741 0.019435 0.099995
0.017255 0.029554 0.01275 0.0097994 0.86995 0.0040725 0.0040725 0.0097206 0.042828
0.022599 0.034187 0.016707 0.014838 0.26254 0.0061494 0.0061494 0.014621 0.62221
0.011 0.015981 0.0095259 0.0079078 0.047294 0.0032847 0.0032847 0.0088424 0.89288
0.010537 0.016063 0.009692 0.0082376 0.058754 0.0034469 0.0034469 0.0082614 0.88156
0.016061 0.020467 0.01363 0.010399 0.090128 0.00437 0.00437 0.010323 0.83025
0.029733 0.043326 0.019204 0.01727 0.56231 0.0073076 0.0073076 0.015984 0.29756
0.0073799 0.015539 0.0060368 0.0055013 0.93732 0.0023236 0.0023236 0.0050133 0.01856
0.0081589 0.02236 0.0072146 0.0065471 0.92279 0.0027209 0.0027209 0.0054167 0.022071
0.0054607 0.011559 0.0049008 0.0044688 0.95206 0.0018977 0.0018977 0.0037995 0.013954
0.0061904 0.014273 0.0050001 0.0044839 0.95193 0.001904 0.001904 0.003908 0.010407
0.008683 0.012653 0.0077109 0.0065583 0.043957 0.0027589 0.0027589 0.0065027 0.90842
0.0046695 0.008991 0.0043422 0.0039651 0.95988 0.0016405 0.0016405 0.0034268 0.01144
0.018474 0.029077 0.011383 0.010107 0.87271 0.0041346 0.0041346 0.010123 0.039852
0.028577 0.06421 0.016536 0.01482 0.77801 0.0061001 0.0061001 0.014281 0.071362
0.044136 0.041814 0.019585 0.017883 0.69765 0.0070432 0.0070432 0.016987 0.14786
0.025055 0.054795 0.019175 0.01703 0.089255 0.0095237 0.0095237 0.024491 0.75115
0.014285 0.022683 0.010583 0.0094196 0.062273 0.0039486 0.0039486 0.010618 0.86224
0.023388 0.036567 0.01907 0.016599 0.33546 0.0069451 0.0069451 0.020134 0.53489
0.0042058 0.0088141 0.0035754 0.0034686 0.96602 0.0014373 0.0014373 0.0033677 0.007675
0.0063987 0.016146 0.0060017 0.0051409 0.94285 0.0021734 0.0021734 0.0045042 0.014611
0.0061117 0.0087604 0.0046277 0.0041495 0.95973 0.0017356 0.0017356 0.0049394 0.0082055
0.0073538 0.011505 0.0057501 0.0050269 0.9466 0.0020894 0.0020894 0.0044748 0.015113
0.029424 0.18762 0.032744 0.027256 0.58224 0.0092895 0.0092895 0.028536 0.093595
0.23842 0.048831 0.04346 0.044763 0.4079 0.036071 0.036071 0.040523 0.10396
0.015929 0.025644 0.014297 0.01256 0.23591 0.0051794 0.0051794 0.010775 0.67453
0.0059497 0.01387 0.0053697 0.004811 0.9451 0.0020365 0.0020365 0.0041445 0.016684
0.01875 0.044623 0.014253 0.013466 0.83568 0.0049576 0.0049576 0.011669 0.051646
0.029115 0.038907 0.01608 0.014865 0.18658 0.0062707 0.0062707 0.015046 0.68686
0.04185 0.070678 0.034459 0.031113 0.28639 0.030891 0.030891 0.040857 0.43287
0.018409 0.082557 0.021377 0.014395 0.75662 0.0061601 0.0061601 0.014792 0.079535
0.01482 0.032878 0.010335 0.010716 0.88458 0.0037822 0.0037822 0.0095625 0.029547
0.020845 0.21221 0.019459 0.018474 0.64869 0.0066844 0.0066844 0.013503 0.053457
0.017845 0.69404 0.014749 0.017946 0.19943 0.0057094 0.0057094 0.011871 0.032703
0.028691 0.033694 0.021079 0.016545 0.41537 0.0070147 0.0070147 0.015722 0.45487
0.028642 0.03231 0.017761 0.015675 0.44666 0.0066782 0.0066782 0.015075 0.43052
0.029448 0.05652 0.020005 0.017228 0.70605 0.0072589 0.0072589 0.019253 0.13697
0.0061984 0.013835 0.0054563 0.0049291 0.94584 0.0020687 0.0020687 0.0043169 0.015284
0.009738 0.038049 0.0090021 0.0087823 0.90053 0.0032177 0.0032177 0.0065428 0.020919
0.030402 0.081728 0.035627 0.023738 0.47642 0.0093233 0.0093233 0.026536 0.3069
0.032455 0.095443 0.043506 0.024826 0.39417 0.0096951 0.0096951 0.023949 0.36626
0.021618 0.042345 0.026147 0.016601 0.23469 0.0068959 0.0068959 0.018293 0.62652
0.021263 0.070465 0.020677 0.020353 0.59255 0.007432 0.007432 0.017684 0.24214
0.024307 0.027922 0.016872 0.01423 0.17239 0.0059713 0.0059713 0.015304 0.71703
0.019584 0.024626 0.014087 0.012109 0.16791 0.0051483 0.0051483 0.011895 0.73949
0.026594 0.04868 0.043825 0.019404 0.25034 0.0081492 0.0081492 0.022326 0.57254
0.028689 0.04402 0.028375 0.020846 0.19378 0.0073616 0.0073616 0.016956 0.65261
0.026303 0.054435 0.020666 0.0174 0.27351 0.0072358 0.0072358 0.018399 0.57481
0.023212 0.029827 0.016349 0.014682 0.27565 0.0061808 0.0061808 0.015652 0.61226
0.032139 0.038242 0.020633 0.017305 0.42164 0.007294 0.007294 0.017106 0.43835
0.0051102 0.010275 0.0043124 0.003998 0.95932 0.0016904 0.0016904 0.0039937 0.0096053
0.0084436 0.012757 0.0067458 0.0056154 0.942 0.0023345 0.0023345 0.0063469 0.013419
0.0062392 0.012984 0.0059704 0.0052793 0.9422 0.0021622 0.0021622 0.0046153 0.018389
0.044637 0.041242 0.026364 0.01941 0.26081 0.0078829 0.0078829 0.021199 0.57057
0.044601 0.037933 0.025801 0.018166 0.2266 0.0076899 0.0076899 0.020313 0.6112
0.018374 0.074763 0.017398 0.013931 0.77938 0.0058205 0.0058205 0.015957 0.068555
0.038045 0.045555 0.019735 0.017979 0.63593 0.0074533 0.0074533 0.016887 0.21097
0.10493 0.069908 0.027702 0.027225 0.59319 0.0094728 0.0094728 0.0187 0.13941
0.092546 0.058274 0.025489 0.025042 0.65963 0.0085985 0.0085985 0.017811 0.10401
0.17051 0.046041 0.024727 0.025984 0.59094 0.0090075 0.0090075 0.019155 0.10463
0.020304 0.030231 0.018368 0.014246 0.20993 0.0059722 0.0059722 0.014815 0.68016
0.024148 0.041729 0.02117 0.016371 0.41985 0.0068872 0.0068872 0.014494 0.44846
0.0058342 0.0088248 0.0043482 0.0040299 0.9609 0.0016849 0.0016849 0.0046774 0.0080153
0.022688 0.041536 0.031233 0.01749 0.28516 0.0072442 0.0072442 0.017504 0.5699
0.029209 0.091354 0.038801 0.024369 0.36243 0.0098464 0.0098464 0.031724 0.40242
0.030441 0.099787 0.021686 0.019129 0.65446 0.0080418 0.0080418 0.021653 0.13676
0.0066235 0.010258 0.0055781 0.0050926 0.026643 0.0021354 0.0021354 0.0049671 0.93657
0.027209 0.029694 0.020683 0.015028 0.22901 0.0064046 0.0064046 0.017058 0.64851
0.021248 0.053733 0.018138 0.014027 0.076881 0.0061358 0.0061358 0.018502 0.7852
0.019052 0.032174 0.015592 0.013719 0.32397 0.0057822 0.0057822 0.011917 0.57201
0.02382 0.036512 0.014552 0.01311 0.79253 0.0055642 0.0055642 0.013752 0.094599
0.028289 0.49075 0.020419 0.018299 0.34089 0.0074634 0.0074634 0.015478 0.07095
0.017586 0.78136 0.014323 0.0163 0.099625 0.0053799 0.0053799 0.011548 0.0485
0.024553 0.63922 0.021682 0.02121 0.1801 0.0075954 0.0075954 0.017908 0.080143
0.030045 0.099032 0.023573 0.020718 0.23161 0.0086606 0.0086606 0.0268 0.55091
0.021486 0.074486 0.01881 0.016917 0.79674 0.005892 0.005892 0.014134 0.045647
0.021873 0.020938 0.013068 0.0092452 0.042593 0.0039241 0.0039241 0.009751 0.87468
0.020259 0.1009 0.019833 0.017845 0.74921 0.0063208 0.0063208 0.013743 0.065572
0.033992 0.060936 0.031763 0.029471 0.34109 0.029651 0.029651 0.041535 0.40191
0.024105 0.059629 0.024139 0.018787 0.53274 0.0076436 0.0076436 0.019593 0.30572
0.021507 0.060199 0.022973 0.022374 0.68262 0.0074583 0.0074583 0.022795 0.15261
0.022018 0.071839 0.01488 0.013333 0.80547 0.0054795 0.0054795 0.011849 0.049647
0.017534 0.045789 0.014226 0.011685 0.83555 0.0049046 0.0049046 0.011743 0.053667
0.024371 0.53859 0.019645 0.020505 0.31115 0.0075065 0.0075065 0.016094 0.054633
0.11953 0.038208 0.021854 0.022127 0.68391 0.0075777 0.0075777 0.015789 0.083434
0.17738 0.044342 0.023804 0.025001 0.60993 0.0085675 0.0085675 0.019272 0.083134
0.19975 0.04418 0.024425 0.025977 0.59358 0.010534 0.010534 0.019055 0.07197
0.36064 0.037867 0.034872 0.040121 0.32222 0.033151 0.033151 0.036508 0.10147
0.036339 0.069398 0.030161 0.02777 0.42517 0.020281 0.020281 0.033743 0.33685
0.028398 0.051037 0.020365 0.016248 0.14653 0.0068365 0.0068365 0.017525 0.70623
0.027385 0.04979 0.02669 0.019501 0.39736 0.0076764 0.0076764 0.018901 0.44502
0.071316 0.052014 0.020859 0.021065 0.72794 0.0073172 0.0073172 0.014899 0.077274
0.28911 0.045261 0.03741 0.042482 0.37404 0.035033 0.035033 0.047229 0.094402
0.21832 0.050913 0.042792 0.045919 0.39298 0.037093 0.037093 0.04001 0.13488
0.02817 0.065845 0.023655 0.021233 0.55376 0.011478 0.011478 0.023674 0.2607
0.011303 0.018782 0.011456 0.0088664 0.073389 0.0036919 0.0036919 0.0091186 0.8597
0.0047682 0.0094261 0.004395 0.0037307 0.96227 0.0015718 0.0015718 0.0033759 0.0088941
0.0071145 0.01096 0.0055338 0.0050943 0.94941 0.0021134 0.0021134 0.0058454 0.011818
0.0082929 0.024378 0.0084268 0.0067562 0.92333 0.0027323 0.0027323 0.006193 0.01716
0.023534 0.089757 0.018524 0.015285 0.75352 0.0064519 0.0064519 0.017007 0.069469
0.022054 0.116 0.020192 0.020074 0.71111 0.007128 0.007128 0.016789 0.079524
0.1289 0.037349 0.021212 0.022576 0.69369 0.0086649 0.0086649 0.016245 0.062699
0.049664 0.10177 0.039812 0.035975 0.33887 0.035907 0.035907 0.049883 0.31221
0.030118 0.086484 0.025303 0.022747 0.37005 0.010316 0.010316 0.023169 0.4215
0.023465 0.028638 0.017512 0.013864 0.20791 0.005865 0.005865 0.012837 0.68404
0.027121 0.077712 0.033797 0.024144 0.50618 0.0091254 0.0091254 0.028523 0.28427
0.023199 0.32253 0.020708 0.022142 0.53438 0.0073751 0.0073751 0.016656 0.045639
0.012423 0.044218 0.010194 0.012278 0.87004 0.0040044 0.0040044 0.0086141 0.03422
0.017243 0.044943 0.017534 0.013457 0.79469 0.0053794 0.0053794 0.012102 0.08927
0.29529 0.038938 0.036399 0.040171 0.39829 0.033102 0.033102 0.035437 0.089269
0.052076 0.11668 0.036123 0.035894 0.39444 0.035458 0.035458 0.041999 0.25187
0.0050362 0.011127 0.004424 0.0041125 0.95642 0.0017511 0.0017511 0.0036083 0.011772
0.0057382 0.010422 0.0052395 0.0047781 0.94714 0.0020197 0.0020197 0.0041139 0.018528
0.054491 0.041934 0.028061 0.018883 0.21345 0.0080186 0.0080186 0.021874 0.60527
0.033073 0.12384 0.019651 0.015742 0.71819 0.0066997 0.0066997 0.015352 0.060751
0.024129 0.22175 0.017101 0.01636 0.64391 0.0064069 0.0064069 0.013381 0.050561
0.020515 0.6617 0.019083 0.0219 0.19995 0.0069718 0.0069718 0.01612 0.04679
0.15988 0.050742 0.02608 0.026881 0.60273 0.009158 0.009158 0.01946 0.095916
0.034691 0.091298 0.027165 0.024106 0.51033 0.013557 0.013557 0.023306 0.26199
0.0053742 0.010906 0.0055222 0.0046753 0.95436 0.0018823 0.0018823 0.0044081 0.010987
0.017127 0.029939 0.01532 0.013904 0.65483 0.0056608 0.0056608 0.012571 0.24499
0.031438 0.14362 0.024946 0.022833 0.62364 0.0087566 0.0087566 0.025691 0.11032
0.023044 0.067779 0.024638 0.018397 0.6914 0.0072266 0.0072266 0.017009 0.14328
0.022039 0.036047 0.020532 0.017098 0.54519 0.0067668 0.0067668 0.016359 0.3292
0.019171 0.045155 0.017168 0.017463 0.74375 0.0063246 0.0063246 0.014325 0.13032
0.022802 0.0947 0.02178 0.020005 0.55382 0.0077577 0.0077577 0.015757 0.25562
0.023963 0.051473 0.020792 0.017805 0.29417 0.0075365 0.0075365 0.018473 0.55825
0.010044 0.014488 0.0072735 0.0064638 0.92524 0.0027017 0.0027017 0.006668 0.024419
0.0054109 0.010144 0.0048517 0.0046236 0.95031 0.0018993 0.0018993 0.0038248 0.01704
0.004791 0.007613 0.0038504 0.0035284 0.9662 0.001474 0.001474 0.003692 0.0073792
0.036728 0.033006 0.020141 0.01593 0.19134 0.0067204 0.0067204 0.019259 0.67016
0.024333 0.037521 0.019749 0.017155 0.58551 0.006888 0.006888 0.017234 0.28473
0.025979 0.11762 0.01784 0.016475 0.71207 0.006786 0.006786 0.015851 0.080594
0.035473 0.55134 0.025491 0.022692 0.18169 0.0090007 0.0090007 0.02325 0.14206
0.020999 0.03874 0.01292 0.012201 0.85893 0.0077688 0.0077688 0.013147 0.027527
0.1979 0.041916 0.03626 0.039549 0.50168 0.032569 0.032569 0.034849 0.082707
0.04236 0.078511 0.029591 0.030683 0.67119 0.018746 0.018746 0.02801 0.082163
0.017554 0.031776 0.016284 0.013794 0.20534 0.0058163 0.0058163 0.014668 0.68896
0.027922 0.048432 0.02574 0.021147 0.37996 0.0083261 0.0083261 0.024761 0.45538
0.021028 0.040144 0.016934 0.013771 0.76326 0.005755 0.005755 0.0122 0.12116
0.019259 0.12177 0.017805 0.019402 0.74142 0.00619 0.00619 0.012907 0.055054
0.011643 0.022121 0.0099996 0.0086148 0.060301 0.0036103 0.0036103 0.0079042 0.8722
0.01925 0.026985 0.020001 0.01394 0.19608 0.0058315 0.0058315 0.013826 0.69825
0.018446 0.055021 0.017572 0.015913 0.69236 0.0063251 0.0063251 0.014472 0.17357
0.24606 0.040243 0.037159 0.040755 0.43111 0.033478 0.033478 0.036018 0.10169
0.015107 0.028283 0.012975 0.011122 0.099539 0.004628 0.004628 0.010861 0.81286
0.023105 0.036743 0.017099 0.014455 0.74659 0.0060447 0.0060447 0.012987 0.13693
0.032561 0.15689 0.027009 0.022682 0.62369 0.0087255 0.0087255 0.026249 0.093475
0.038242 0.095094 0.02954 0.027197 0.48157 0.018526 0.018526 0.028305 0.263
0.023707 0.57937 0.020541 0.020694 0.2742 0.0072654 0.0072654 0.014541 0.052413
0.019776 0.045803 0.020071 0.017867 0.22771 0.0067868 0.0067868 0.017202 0.63799
0.024606 0.030536 0.01773 0.014711 0.64662 0.0061901 0.0061901 0.013858 0.23956
0.049126 0.046025 0.020912 0.018152 0.50384 0.007779 0.007779 0.015497 0.33089
0.0076336 0.014252 0.0078874 0.0064245 0.92703 0.0026366 0.0026366 0.0061479 0.025348
0.0090707 0.014228 0.0094641 0.0078734 0.92548 0.0028484 0.0028484 0.0066322 0.021552
0.0090722 0.018112 0.0098398 0.0086906 0.91178 0.0031445 0.0031445 0.0070112 0.0292
0.017035 0.04712 0.014975 0.013144 0.77899 0.005468 0.005468 0.011428 0.10637
0.033377 0.50006 0.02149 0.019648 0.31867 0.0080701 0.0080701 0.019333 0.071281
0.25352 0.039166 0.037009 0.041769 0.42009 0.033801 0.033801 0.036094 0.10475
0.019067 0.039016 0.016995 0.014714 0.32251 0.00619 0.00619 0.0141 0.56121
0.0060345 0.015862 0.0054223 0.0050039 0.94393 0.0020992 0.0020992 0.0040826 0.015471
0.015284 0.053857 0.01319 0.013965 0.81233 0.0049654 0.0049654 0.010308 0.071137
0.024725 0.07071 0.021994 0.021109 0.46347 0.00805 0.00805 0.018498 0.3634
0.021684 0.40815 0.020724 0.021348 0.45639 0.0076381 0.0076381 0.015529 0.040899
0.0087232 0.015736 0.0098463 0.0072918 0.91152 0.0029794 0.0029794 0.0062097 0.034715
0.0067942 0.012576 0.0071158 0.0058297 0.93724 0.0023709 0.0023709 0.0060366 0.019666
0.0058704 0.011079 0.0058246 0.0048768 0.94813 0.0019979 0.0019979 0.0040682 0.016157
0.0076829 0.013521 0.0072131 0.0061492 0.92419 0.002586 0.002586 0.0055 0.030568
0.0038 0.0069526 0.0031748 0.0031171 0.97093 0.0012676 0.0012676 0.0025527 0.0069388
0.0090073 0.035848 0.0086851 0.0086347 0.90357 0.0031106 0.0031106 0.0066506 0.021381
0.037151 0.054784 0.034751 0.031413 0.34479 0.030598 0.030598 0.045627 0.39029
0.030285 0.086204 0.025968 0.021492 0.56678 0.010433 0.010433 0.021989 0.22642
0.0087732 0.012445 0.0069098 0.0066946 0.9391 0.0024157 0.0024157 0.0063007 0.01495
0.024617 0.051134 0.030725 0.018138 0.17264 0.007342 0.007342 0.019438 0.66863
0.034852 0.17133 0.024113 0.0226 0.53588 0.009121 0.009121 0.024985 0.168
0.02469 0.23406 0.023285 0.023704 0.59422 0.0078484 0.0078484 0.018929 0.065416
0.017471 0.023549 0.011999 0.010545 0.080894 0.004486 0.004486 0.010809 0.83576
0.019585 0.043836 0.019738 0.015363 0.21405 0.0064542 0.0064542 0.01545 0.65907
0.014788 0.023579 0.013828 0.011613 0.149 0.0047766 0.0047766 0.0097434 0.76789
0.011409 0.018792 0.0096522 0.0081952 0.064839 0.0034809 0.0034809 0.007462 0.87269
0.0056549 0.010639 0.0053532 0.0047111 0.95118 0.0019344 0.0019344 0.0042542 0.014338
0.024437 0.097911 0.018206 0.017503 0.7533 0.0064342 0.0064342 0.01546 0.06031
0.024919 0.58839 0.023695 0.023203 0.23737 0.0079349 0.0079349 0.017057 0.069506
0.015461 0.72864 0.015 0.015593 0.17213 0.0055923 0.0055923 0.011384 0.030607
0.023442 0.16139 0.022681 0.026354 0.67622 0.013269 0.013269 0.018799 0.044575
0.029453 0.36122 0.028514 0.031063 0.42992 0.018514 0.018514 0.025298 0.057507
0.0227 0.052896 0.019151 0.015748 0.12006 0.0064554 0.0064554 0.017293 0.73924
0.020315 0.046345 0.022982 0.016788 0.24043 0.0067755 0.0067755 0.016337 0.62325
0.0083286 0.01398 0.0074762 0.0068423 0.91513 0.0028496 0.0028496 0.0063775 0.036165
0.0087198 0.020938 0.0093739 0.0087926 0.91213 0.0031084 0.0031084 0.0073602 0.026474
0.065535 0.049298 0.05114 0.022911 0.20194 0.0098128 0.0098128 0.031272 0.55828
0.039603 0.035508 0.020076 0.01453 0.081769 0.0061314 0.0061314 0.017877 0.77837
0.027066 0.068889 0.029187 0.02055 0.58355 0.0081119 0.0081119 0.016265 0.23827
0.036359 0.14165 0.025181 0.025352 0.54515 0.0091598 0.0091598 0.021657 0.18633
0.015534 0.72349 0.01592 0.014208 0.18429 0.0064429 0.0064429 0.011184 0.022487
0.031624 0.34597 0.030578 0.034372 0.41347 0.02908 0.02908 0.03107 0.054753
0.0080318 0.014796 0.0083219 0.0079974 0.91637 0.0028346 0.0028346 0.0058214 0.032991
0.0075185 0.013234 0.0065102 0.0058565 0.93127 0.0024582 0.0024582 0.0051372 0.02556
0.029026 0.061389 0.032438 0.022587 0.27261 0.0082964 0.0082964 0.020296 0.54507
0.030086 0.13469 0.022945 0.020445 0.68451 0.007712 0.007712 0.018873 0.073025
0.017205 0.039143 0.017299 0.013588 0.18862 0.0055985 0.0055985 0.011068 0.70188
0.022442 0.068675 0.019817 0.017022 0.65109 0.0070325 0.0070325 0.014201 0.19269
0.019223 0.047499 0.017312 0.015612 0.74525 0.0059244 0.0059244 0.014117 0.12914
0.20831 0.040122 0.03749 0.038865 0.50536 0.03216 0.03216 0.039063 0.066473
0.11301 0.040752 0.029205 0.027321 0.63119 0.027325 0.027325 0.029756 0.074125
0.013058 0.029052 0.0167 0.012671 0.86398 0.0045238 0.0045238 0.01067 0.044826
0.040042 0.38279 0.024991 0.022864 0.38306 0.0091426 0.0091426 0.02011 0.10786
0.012015 0.036693 0.0111 0.012461 0.8638 0.0040836 0.0040836 0.0082039 0.047557
0.016003 0.035409 0.014092 0.013266 0.8046 0.005061 0.005061 0.011588 0.094922
0.14362 0.031394 0.029107 0.026582 0.62879 0.026329 0.026329 0.027325 0.060521
0.0071761 0.013654 0.008058 0.0061265 0.92838 0.0025055 0.0025055 0.0049207 0.026672
0.010813 0.016272 0.010845 0.0078585 0.91021 0.0032712 0.0032712 0.0094091 0.028052
0.0054043 0.007549 0.0041858 0.0037798 0.9636 0.001573 0.001573 0.0040471 0.0082833
0.019059 0.027128 0.013634 0.010883 0.050929 0.004577 0.004577 0.014487 0.85473
0.013922 0.8164 0.012755 0.012898 0.10182 0.0046197 0.0046197 0.012439 0.020529
0.027947 0.55003 0.029317 0.033802 0.2268 0.027839 0.027839 0.029091 0.04733
0.053411 0.08191 0.036458 0.032261 0.49036 0.032576 0.032576 0.035232 0.20521
0.017711 0.063033 0.020574 0.022352 0.79845 0.017356 0.017356 0.018522 0.024641
0.019698 0.038108 0.01871 0.016087 0.25672 0.006307 0.006307 0.012554 0.62551
0.030028 0.063508 0.029358 0.027744 0.55695 0.027744 0.027744 0.031852 0.20508
0.030485 0.034378 0.023995 0.014956 0.1337 0.0062624 0.0062624 0.01325 0.73671
0.026305 0.051839 0.035827 0.024416 0.30172 0.0086414 0.0086414 0.027812 0.51479
0.026441 0.080118 0.022651 0.019024 0.56999 0.0078366 0.0078366 0.01738 0.24873
0.026331 0.08879 0.036282 0.024279 0.51132 0.0087945 0.0087945 0.019423 0.27598
0.016005 0.75471 0.015069 0.014332 0.14383 0.0070952 0.0070952 0.012785 0.029072
0.010862 0.019274 0.010296 0.00837 0.052774 0.0034724 0.0034724 0.007982 0.8835
0.027352 0.048762 0.023901 0.017674 0.27288 0.0072613 0.0072613 0.016773 0.57814
0.014562 0.021836 0.012702 0.0098858 0.083883 0.0041206 0.0041206 0.0090575 0.83983
0.033162 0.040217 0.026534 0.01698 0.75184 0.0071682 0.0071682 0.032092 0.084836
0.023461 0.041933 0.027428 0.018338 0.28295 0.0074163 0.0074163 0.019029 0.57202
0.034434 0.2895 0.028008 0.040221 0.46277 0.0097812 0.0097812 0.021901 0.10361
0.0068021 0.011946 0.0064733 0.0056849 0.93496 0.00238 0.00238 0.0051813 0.024192
0.030035 0.21863 0.023072 0.02777 0.54799 0.0087634 0.0087634 0.018305 0.11667
0.025935 0.65368 0.031151 0.027025 0.15019 0.02555 0.02555 0.028161 0.032757
0.027934 0.048686 0.024426 0.019719 0.22661 0.0075382 0.0075382 0.021674 0.61588
0.0079388 0.017532 0.0072692 0.0075153 0.92486 0.0027236 0.0027236 0.0063716 0.023068
0.039015 0.045701 0.039666 0.018783 0.71126 0.0080065 0.0080065 0.027262 0.1023
0.031633 0.046254 0.024446 0.016539 0.11576 0.0070109 0.0070109 0.021586 0.72976
0.019403 0.032422 0.017519 0.015594 0.32046 0.0061307 0.0061307 0.01326 0.56908
0.022704 0.037976 0.019868 0.015635 0.21527 0.0062207 0.0062207 0.013336 0.66277
0.014702 0.021863 0.012498 0.0105 0.11915 0.0043781 0.0043781 0.011885 0.80065
0.021886 0.035529 0.020029 0.015489 0.21562 0.0064011 0.0064011 0.018056 0.66059
0.021731 0.029285 0.016083 0.014246 0.16065 0.0057232 0.0057232 0.016698 0.72986
0.017883 0.024219 0.014152 0.011901 0.15022 0.0049103 0.0049103 0.011386 0.76042
0.019926 0.11076 0.018488 0.022842 0.71504 0.006881 0.006881 0.014792 0.08439
0.028854 0.046363 0.023633 0.022663 0.71127 0.022626 0.022626 0.026796 0.095174
0.01298 0.026601 0.014319 0.010218 0.071169 0.0042056 0.0042056 0.011419 0.84488
0.0060573 0.010102 0.0066106 0.0047301 0.018966 0.0019789 0.0019789 0.0042936 0.94528
0.012846 0.018519 0.0090845 0.0083997 0.89155 0.0035082 0.0035082 0.0087097 0.043879
0.0056159 0.011613 0.0045198 0.0042196 0.95741 0.0017308 0.0017308 0.0034599 0.0097039
0.046645 0.0345 0.028368 0.016237 0.084227 0.0068377 0.0068377 0.020455 0.75589
0.031996 0.06171 0.02293 0.019598 0.56831 0.0079427 0.0079427 0.019376 0.26019
0.018909 0.057469 0.017595 0.016657 0.60569 0.0066242 0.0066242 0.013127 0.25731
0.01725 0.074036 0.015683 0.014599 0.74076 0.0058075 0.0058075 0.013902 0.11215
0.029815 0.095833 0.025181 0.021495 0.41733 0.0090896 0.0090896 0.027785 0.36438
0.018259 0.058815 0.017025 0.014978 0.74767 0.0059364 0.0059364 0.012357 0.11902
0.030572 0.1527 0.023986 0.021175 0.64876 0.0079659 0.0079659 0.017323 0.089549
0.043785 0.049602 0.032975 0.029201 0.5775 0.029214 0.029214 0.036665 0.17185
0.016245 0.030894 0.017701 0.013547 0.16348 0.005671 0.005671 0.01733 0.72946
0.019038 0.035085 0.027256 0.014723 0.16566 0.0061536 0.0061536 0.015395 0.71054
0.011303 0.021579 0.012974 0.0091839 0.070509 0.0039029 0.0039029 0.010404 0.85624
0.010387 0.024775 0.010806 0.0083916 0.05207 0.0035738 0.0035738 0.009031 0.87739
0.0069439 0.015172 0.0066591 0.0053468 0.016655 0.0022603 0.0022603 0.0058626 0.93884
0.0047747 0.0089067 0.0039386 0.0036256 0.96514 0.0014796 0.0014796 0.0032272 0.0074307
0.022468 0.030694 0.017318 0.014816 0.20818 0.0061372 0.0061372 0.019512 0.67474
0.022814 0.59564 0.019077 0.022971 0.25058 0.0074568 0.0074568 0.018356 0.055648
0.029818 0.58657 0.027768 0.031726 0.18417 0.0090717 0.0090717 0.021484 0.10032
0.037269 0.37832 0.037161 0.042724 0.29521 0.034849 0.034849 0.03423 0.10539
0.020803 0.040195 0.020544 0.016174 0.30247 0.0067865 0.0067865 0.016461 0.56978
0.0075626 0.014294 0.0082587 0.0063172 0.030741 0.0026269 0.0026269 0.0063685 0.9212
0.0076376 0.014405 0.0085209 0.0061901 0.033075 0.0026357 0.0026357 0.0062747 0.91863
0.01224 0.020897 0.010044 0.0082952 0.042811 0.0035066 0.0035066 0.007502 0.8912
0.0059925 0.010795 0.0054747 0.0048779 0.94574 0.0020535 0.0020535 0.0043382 0.018675
0.00642 0.94432 0.0058657 0.0051876 0.019589 0.002424 0.002424 0.0045221 0.0092474
0.035115 0.065361 0.026474 0.023147 0.54007 0.013215 0.013215 0.024361 0.25904
0.014011 0.032007 0.015965 0.011748 0.15883 0.0049751 0.0049751 0.011402 0.74608
0.026857 0.15008 0.02598 0.021992 0.53856 0.0091628 0.0091628 0.025201 0.19301
0.019892 0.036529 0.018998 0.015855 0.34084 0.0065819 0.0065819 0.017839 0.53689
0.01901 0.075944 0.017036 0.016056 0.62251 0.0067324 0.0067324 0.013531 0.22245
0.012685 0.83861 0.012761 0.015878 0.077047 0.0048181 0.0048181 0.009166 0.02422
0.010119 0.89966 0.0092251 0.009294 0.041349 0.0041028 0.0041028 0.007734 0.014413
0.012347 0.86848 0.012585 0.010944 0.055918 0.0060742 0.0060742 0.010641 0.016933
0.030191 0.10857 0.027628 0.032973 0.62995 0.027158 0.027158 0.028996 0.087383
0.0067995 0.011032 0.0061975 0.0048179 0.95172 0.0020237 0.0020237 0.0051388 0.010245
0.024849 0.034894 0.019517 0.017 0.40708 0.0071884 0.0071884 0.025461 0.45683
0.023965 0.081739 0.020603 0.018574 0.60148 0.0075961 0.0075961 0.017224 0.22123
0.019143 0.71067 0.019225 0.021845 0.13779 0.0067773 0.0067773 0.013225 0.064546
0.014114 0.024005 0.013394 0.011055 0.8098 0.0046704 0.0046704 0.01008 0.10821
0.044384 0.045933 0.022039 0.018438 0.18523 0.0078274 0.0078274 0.026846 0.64148
0.040625 0.18427 0.06166 0.048296 0.2524 0.039471 0.039471 0.040585 0.29322
0.035354 0.062354 0.03531 0.028136 0.59726 0.028047 0.028047 0.030735 0.15476
0.021433 0.75068 0.026966 0.023458 0.074487 0.021266 0.021266 0.021606 0.038843
0.0084728 0.015557 0.0093746 0.0066603 0.028988 0.0027919 0.0027919 0.0075908 0.91777
0.0065936 0.010556 0.0064514 0.0053269 0.93556 0.0022601 0.0022601 0.0045911 0.026398
0.02294 0.11672 0.020109 0.018896 0.71865 0.0067598 0.0067598 0.014952 0.074217
0.024868 0.68878 0.028083 0.033046 0.11978 0.024248 0.024248 0.027263 0.029686
0.040871 0.072924 0.036231 0.031987 0.47415 0.032371 0.032371 0.039513 0.23958
0.020618 0.039229 0.020433 0.018261 0.47771 0.0070815 0.0070815 0.018148 0.39144
0.020573 0.052261 0.015278 0.013578 0.79033 0.0055643 0.0055643 0.013486 0.083364
0.030453 0.17245 0.026908 0.026145 0.52894 0.0093804 0.0093804 0.025113 0.17124
0.029881 0.093076 0.024884 0.020022 0.64176 0.0080583 0.0080583 0.01965 0.15461
0.021353 0.74161 0.019959 0.021944 0.11576 0.011606 0.011606 0.019431 0.03673
0.0070143 0.011498 0.0074249 0.0059054 0.92768 0.0024464 0.0024464 0.0049431 0.030639
0.030993 0.042111 0.022643 0.018298 0.25451 0.0073751 0.0073751 0.019791 0.5969
0.0086727 0.91175 0.0077981 0.0099111 0.031227 0.0029924 0.0029924 0.0061711 0.018488
0.01622 0.8368 0.020047 0.016926 0.043738 0.015741 0.015741 0.015919 0.018865
0.022533 0.043197 0.029566 0.018914 0.56679 0.0073906 0.0073906 0.016917 0.2873
0.0080005 0.014353 0.0077291 0.0067115 0.92198 0.0027711 0.0027711 0.0072507 0.028436
