0.010536 0.014079 0.0076794 0.0062831 0.93553 0.0026156 0.0026156 0.0065025 0.014156
0.01296 0.023552 0.011009 0.0083488 0.90285 0.0034954 0.0034954 0.0076326 0.026661
0.010639 0.01832 0.00917 0.0073171 0.91889 0.0030843 0.0030843 0.0070083 0.022488
0.0089385 0.013454 0.0074443 0.0060387 0.93468 0.00254 0.00254 0.0053102 0.01905
0.010889 0.012289 0.0065849 0.0058401 0.93889 0.0024375 0.0024375 0.0056798 0.014953
0.0063126 0.0099094 0.0050171 0.0045614 0.95357 0.001924 0.001924 0.0044669 0.01231
0.0044056 0.01419 0.0039761 0.0037589 0.96049 0.0015442 0.0015442 0.003048 0.0070458
0.0033149 0.0066443 0.0031412 0.0027407 0.97372 0.0011586 0.0011586 0.0023639 0.0057534
0.0043778 0.0076487 0.0040279 0.0035573 0.96555 0.001501 0.001501 0.0032757 0.0085579
0.0058956 0.010158 0.004777 0.0046196 0.95355 0.0019221 0.0019221 0.0044987 0.012662
0.004767 0.0088108 0.0040505 0.0037139 0.96358 0.0015618 0.0015618 0.0033208 0.0086293
0.004854 0.0088579 0.0041004 0.0035856 0.96507 0.0015116 0.0015116 0.0031789 0.0073265
0.005652 0.01163 0.005334 0.00445 0.95459 0.0018787 0.0018787 0.0041377 0.010451
0.0095793 0.011485 0.0065305 0.0055545 0.94197 0.0023293 0.0023293 0.0052384 0.014983
0.0087288 0.012161 0.0060821 0.0053032 0.94609 0.002222 0.002222 0.0053842 0.01181
0.01159 0.017923 0.0083642 0.0069024 0.92361 0.0029042 0.0029042 0.0065284 0.019272
0.0070197 0.011316 0.0058766 0.0048859 0.9499 0.0020716 0.0020716 0.0054706 0.011391
0.010746 0.022446 0.0098031 0.0089805 0.90692 0.0034124 0.0034124 0.010565 0.023713
0.0061951 0.013611 0.0056009 0.0050001 0.94846 0.0020795 0.0020795 0.0048526 0.012126
0.010383 0.030728 0.010022 0.0083951 0.8971 0.0035577 0.0035577 0.0096986 0.026555
0.0064578 0.017031 0.0058876 0.0051691 0.94433 0.0021733 0.0021733 0.005115 0.011658
0.0063704 0.016401 0.0051612 0.0048429 0.94888 0.0020282 0.0020282 0.0045266 0.009758
0.0058126 0.013756 0.0052224 0.0047011 0.95141 0.0019534 0.0019534 0.00426 0.010928
0.005603 0.01069 0.0050073 0.0042469 0.95916 0.0017536 0.0017536 0.0035654 0.0082229
0.013888 0.013184 0.0065162 0.0057747 0.93738 0.0024419 0.0024419 0.0049107 0.01346
0.16251 0.044692 0.018221 0.017098 0.6807 0.0072121 0.0072121 0.014155 0.048201
0.3739 0.047358 0.023319 0.021221 0.43541 0.010202 0.010202 0.020249 0.05814
0.52722 0.069845 0.038184 0.033013 0.16305 0.032128 0.032128 0.041401 0.063033
0.42684 0.040361 0.039161 0.032529 0.2783 0.032578 0.032578 0.049529 0.06812
0.41385 0.040692 0.032669 0.031791 0.30517 0.031715 0.031715 0.037271 0.075128
0.060181 0.052002 0.024868 0.022977 0.72843 0.022871 0.022871 0.023993 0.041805
0.011548 0.032557 0.011837 0.0092558 0.90009 0.0064361 0.0064361 0.0088398 0.012999
0.014138 0.068511 0.013778 0.011813 0.84282 0.0073417 0.0073417 0.011498 0.022756
0.0073533 0.021489 0.0065498 0.0059388 0.93638 0.0027289 0.0027289 0.005618 0.011209
0.0066727 0.02402 0.006333 0.005484 0.93844 0.0022502 0.0022502 0.0045583 0.0099878
0.0079015 0.028271 0.0078183 0.0062658 0.92496 0.0026004 0.0026004 0.0056096 0.013974
0.0046227 0.015335 0.0041241 0.0038277 0.95925 0.0015624 0.0015624 0.0030839 0.0066365
0.0058952 0.013092 0.0055744 0.0046183 0.95183 0.0019471 0.0019471 0.0043219 0.010771
0.0058701 0.010598 0.0051635 0.0044933 0.95514 0.0018963 0.0018963 0.0041978 0.010746
0.0083721 0.010802 0.0055637 0.0049504 0.94875 0.0020981 0.0020981 0.005309 0.01206
0.0049301 0.0085471 0.0043242 0.0038094 0.96251 0.0016052 0.0016052 0.003719 0.008951
0.0054504 0.0084394 0.0044301 0.0039496 0.9613 0.0016621 0.0016621 0.0038435 0.0092654
0.011707 0.024099 0.011015 0.0083193 0.90214 0.0035296 0.0035296 0.01002 0.025644
0.010369 0.017523 0.0097562 0.0069098 0.9245 0.002887 0.002887 0.0078669 0.0173
0.0050949 0.0078937 0.0041432 0.0037417 0.96352 0.0015817 0.0015817 0.0037814 0.0086567
0.0061281 0.011264 0.0052197 0.0045643 0.95322 0.0019351 0.0019351 0.004531 0.011203
0.005637 0.0089473 0.0044735 0.0041301 0.95885 0.0017443 0.0017443 0.0042426 0.010233
0.005496 0.0087614 0.0042787 0.0039799 0.96074 0.0016848 0.0016848 0.0041124 0.0092648
0.0058165 0.0099948 0.0061565 0.0043929 0.95626 0.001862 0.001862 0.0045082 0.0091427
0.0065986 0.013262 0.0055337 0.0047522 0.95212 0.0019973 0.0019973 0.0049692 0.0087667
0.0053867 0.0080147 0.0043156 0.0039542 0.96138 0.0016648 0.0016648 0.0043115 0.0093046
0.0054074 0.0085892 0.0049067 0.0040424 0.95988 0.0017032 0.0017032 0.0038354 0.0099291
0.0063299 0.0091336 0.0048364 0.0041145 0.95875 0.0017404 0.0017404 0.0040954 0.009256
0.0067832 0.013177 0.006261 0.0053542 0.94482 0.0022132 0.0022132 0.0063285 0.012853
0.0066739 0.012792 0.0054856 0.0045402 0.95274 0.0019148 0.0019148 0.0042035 0.009739
0.0081077 0.014704 0.0073361 0.007083 0.93468 0.0025459 0.0025459 0.006972 0.016027
0.0064374 0.014623 0.006054 0.0050384 0.94473 0.0021203 0.0021203 0.0044866 0.014394
0.0088179 0.020946 0.008061 0.007096 0.91508 0.0029624 0.0029624 0.0072545 0.026822
0.0077635 0.022206 0.0071259 0.006364 0.92962 0.0026065 0.0026065 0.0056253 0.016084
0.0064961 0.014802 0.0060883 0.0050731 0.94594 0.0021022 0.0021022 0.0048015 0.01259
0.0047579 0.0086184 0.0043205 0.0037855 0.96221 0.0015919 0.0015919 0.0034893 0.0096309
0.0046912 0.0090695 0.0045031 0.0038779 0.96211 0.0015909 0.0015909 0.0036614 0.0089049
0.0075087 0.013568 0.0073799 0.0059748 0.93268 0.0024695 0.0024695 0.0057886 0.022162
0.0051466 0.0095167 0.0060043 0.0042685 0.95841 0.0017556 0.0017556 0.0039852 0.009162
0.0075871 0.014462 0.0098918 0.0062934 0.93459 0.0025399 0.0025399 0.0056786 0.016417
0.0050432 0.009945 0.0045335 0.0041898 0.95783 0.0017255 0.0017255 0.0037133 0.011295
0.004296 0.0079512 0.0035558 0.0033776 0.96823 0.0013934 0.0013934 0.003204 0.0066012
0.0099741 0.023454 0.0078153 0.0069916 0.92193 0.0028182 0.0028182 0.0056379 0.018562
0.0058065 0.01398 0.0053687 0.0044576 0.95396 0.0018508 0.0018508 0.0041508 0.008571
0.0067711 0.010443 0.0060999 0.0048163 0.95008 0.0020084 0.0020084 0.0046772 0.013091
0.0087591 0.015542 0.010807 0.006597 0.92897 0.0027617 0.0027617 0.0068129 0.01699
0.026632 0.017662 0.0098082 0.0082907 0.90292 0.003467 0.003467 0.0088237 0.018928
0.010513 0.012396 0.0069498 0.0059672 0.9361 0.0025121 0.0025121 0.0059924 0.017058
0.0046481 0.009168 0.0041606 0.0038241 0.96186 0.0016096 0.0016096 0.0035 0.0096201
0.0066276 0.015692 0.0058511 0.0054919 0.94064 0.0022775 0.0022775 0.0049688 0.016175
0.047391 0.035538 0.02063 0.019092 0.78754 0.019046 0.019046 0.020557 0.031163
0.0049762 0.0090065 0.0042278 0.0038541 0.96181 0.0016311 0.0016311 0.0040045 0.0088555
0.0081226 0.019213 0.0072288 0.0063733 0.93344 0.0033492 0.0033492 0.0057761 0.013153
0.0071185 0.010638 0.005962 0.0048638 0.95118 0.0020319 0.0020319 0.0047884 0.011384
0.0047836 0.0075473 0.0038972 0.0036471 0.96461 0.0015381 0.0015381 0.0034509 0.0089826
0.0054465 0.0082783 0.0041066 0.0037927 0.96298 0.0016022 0.0016022 0.0032571 0.008934
0.33016 0.053449 0.021778 0.020234 0.47872 0.0084622 0.0084622 0.018592 0.060144
0.0062554 0.010322 0.0055868 0.0044721 0.95574 0.0018775 0.0018775 0.0043235 0.0095461
0.0050437 0.0079816 0.0044803 0.003754 0.96371 0.0015893 0.0015893 0.0039117 0.0079383
0.021927 0.016915 0.00951 0.0079954 0.91116 0.0033087 0.0033087 0.008164 0.017713
0.010803 0.018561 0.0099457 0.007414 0.91826 0.0031179 0.0031179 0.0080948 0.020689
0.0069341 0.014247 0.0051864 0.0049944 0.94874 0.0020499 0.0020499 0.0043467 0.011448
0.005486 0.010302 0.0040492 0.0037746 0.96236 0.001581 0.001581 0.0033457 0.0075206
0.010502 0.015921 0.0067438 0.0058533 0.93708 0.0024698 0.0024698 0.0052484 0.013712
0.11383 0.048243 0.019825 0.018006 0.70045 0.0076393 0.0076393 0.017572 0.066799
0.0070556 0.017517 0.0061597 0.0054077 0.94231 0.0022951 0.0022951 0.0045809 0.012381
0.0059237 0.010357 0.0048764 0.0045073 0.95481 0.0018929 0.0018929 0.0040599 0.011682
0.011579 0.01221 0.0065597 0.0058831 0.93892 0.0024567 0.0024567 0.0061105 0.013821
0.010301 0.013969 0.0072977 0.006302 0.93516 0.0025918 0.0025918 0.0064357 0.015349
0.0050697 0.011197 0.0047026 0.0042239 0.96006 0.0020766 0.0020766 0.0036729 0.0069166
0.0059539 0.0098743 0.0047693 0.004283 0.95704 0.0018133 0.0018133 0.0046821 0.0097715
0.0060685 0.0089986 0.0046787 0.0042492 0.95728 0.001791 0.001791 0.0039636 0.011177
0.014761 0.013313 0.0072992 0.0063552 0.93053 0.0026773 0.0026773 0.0060007 0.016381
0.011017 0.01314 0.0071065 0.0061268 0.93387 0.0025704 0.0025704 0.0054999 0.018094
0.0052052 0.009467 0.0047316 0.003917 0.96159 0.0016401 0.0016401 0.0036792 0.0081288
0.010654 0.012631 0.0057665 0.005249 0.94526 0.0022069 0.0022069 0.0049002 0.011125
0.0038265 0.0090284 0.0037757 0.0032252 0.96902 0.001336 0.001336 0.0026111 0.0058375
0.0052176 0.011388 0.0045253 0.0041878 0.95689 0.0017458 0.0017458 0.0036757 0.010626
0.0076183 0.02667 0.0068394 0.0062614 0.92832 0.0025692 0.0025692 0.0054998 0.013648
0.015689 0.023657 0.0082171 0.0073945 0.91512 0.0031285 0.0031285 0.0065207 0.017147
0.005138 0.012637 0.0051173 0.0045085 0.9569 0.0017806 0.0017806 0.0037007 0.0084403
0.0052628 0.010797 0.0048029 0.0042459 0.95641 0.0017817 0.0017817 0.0038014 0.011121
0.0061659 0.01615 0.0053743 0.0051679 0.94694 0.0020871 0.0020871 0.0050208 0.01101
0.017014 0.015461 0.0077265 0.0067559 0.92539 0.0028184 0.0028184 0.0061729 0.015847
0.0085539 0.012898 0.006567 0.0056325 0.9416 0.0023405 0.0023405 0.0055558 0.014513
0.037162 0.035171 0.012062 0.011067 0.85303 0.0046229 0.0046229 0.010095 0.032165
0.0089259 0.016469 0.0060904 0.0055144 0.94118 0.0023225 0.0023225 0.0052665 0.011907
0.0060131 0.010691 0.0050051 0.0046154 0.95222 0.001952 0.001952 0.0048789 0.012672
0.007996 0.012645 0.0061512 0.0052441 0.94564 0.002209 0.002209 0.0048202 0.013087
0.0046591 0.0098831 0.004414 0.0038883 0.96249 0.0016779 0.0016779 0.0033607 0.007951
0.0056804 0.010006 0.0047195 0.0043378 0.95643 0.0018312 0.0018312 0.0042441 0.010923
0.0093593 0.020028 0.0078698 0.0063622 0.92794 0.0026701 0.0026701 0.0054555 0.017648
0.0049128 0.013112 0.0043817 0.0041078 0.95887 0.0016731 0.0016731 0.0033746 0.0078899
0.011281 0.014275 0.0081964 0.0067866 0.92672 0.0028481 0.0028481 0.0068571 0.020184
0.006751 0.012204 0.0064323 0.0053207 0.94342 0.0022368 0.0022368 0.00542 0.015977
0.010764 0.014468 0.007081 0.0057165 0.93641 0.0024401 0.0024401 0.0053213 0.015359
0.0053807 0.01082 0.0048071 0.0039627 0.95995 0.0016609 0.0016609 0.0033192 0.0084423
0.0071741 0.016898 0.006105 0.0053807 0.94241 0.0022029 0.0022029 0.0051617 0.012467
0.0071982 0.022413 0.006446 0.0057835 0.93261 0.0024188 0.0024188 0.0051693 0.015538
0.013158 0.01222 0.0068304 0.0059727 0.93603 0.0025075 0.0025075 0.0056038 0.015172
0.005848 0.021944 0.0053297 0.0049009 0.94499 0.0020109 0.0020109 0.004137 0.0088239
0.0053796 0.009071 0.0044897 0.0040119 0.96013 0.0016942 0.0016942 0.0034207 0.01011
0.0087328 0.012197 0.0064795 0.0056597 0.9404 0.0023791 0.0023791 0.0055706 0.016205
0.0059361 0.010514 0.0046825 0.0041117 0.95921 0.0017321 0.0017321 0.0037037 0.0083728
0.0051701 0.013156 0.0044379 0.0040295 0.95726 0.0017197 0.0017197 0.0034586 0.0090453
0.0071529 0.036511 0.0067076 0.0059483 0.92264 0.0024497 0.0024497 0.004891 0.011253
0.0081173 0.04005 0.0069554 0.0066992 0.91594 0.0026268 0.0026268 0.005288 0.011697
0.0063107 0.011151 0.0054643 0.0048124 0.95008 0.0020323 0.0020323 0.004326 0.013791
0.0047613 0.008104 0.0040574 0.0037067 0.9638 0.001564 0.001564 0.0032962 0.0091461
0.011465 0.02563 0.011517 0.008798 0.89681 0.0036038 0.0036038 0.0093878 0.029186
0.0061266 0.012026 0.0057581 0.0045796 0.95183 0.0019454 0.0019454 0.0039354 0.011856
0.005146 0.013767 0.0048348 0.0042396 0.95412 0.0017826 0.0017826 0.0036493 0.010677
0.0087633 0.017882 0.0095485 0.0065121 0.92811 0.0027164 0.0027164 0.0065003 0.017252
0.008822 0.01006 0.0063117 0.0048979 0.95136 0.0020297 0.0020297 0.0046345 0.0098548
0.0047497 0.0078291 0.0038953 0.003662 0.96445 0.0015475 0.0015475 0.0036698 0.0086487
0.0054841 0.0089641 0.0046899 0.0042701 0.95681 0.0017878 0.0017878 0.0039794 0.012227
0.0084801 0.014217 0.0066512 0.0059727 0.93538 0.0024735 0.0024735 0.0056488 0.018704
0.29752 0.06216 0.033584 0.030503 0.4187 0.022159 0.022159 0.032372 0.080843
0.006278 0.019833 0.0055885 0.0052622 0.94325 0.0021416 0.0021416 0.0048982 0.010607
0.0044525 0.0080095 0.0038771 0.0035542 0.96544 0.0014869 0.0014869 0.0030979 0.0085996
0.0041307 0.0065409 0.003589 0.0032235 0.96963 0.0013611 0.0013611 0.0032645 0.0068974
0.0071574 0.022199 0.0053274 0.0048714 0.94233 0.0020714 0.0020714 0.0040649 0.0099029
0.0058319 0.0085352 0.0051222 0.0041222 0.95952 0.0017541 0.0017541 0.0045437 0.0088176
0.008574 0.011259 0.0065996 0.0054455 0.94281 0.0022945 0.0022945 0.005234 0.015491
0.0050455 0.01217 0.0049816 0.0039089 0.95968 0.0016599 0.0016599 0.0036511 0.0072441
0.0051006 0.012114 0.0048612 0.0041773 0.95933 0.0016748 0.0016748 0.0034084 0.007655
0.0083025 0.019965 0.0064415 0.0057476 0.93723 0.0024285 0.0024285 0.0050923 0.012364
0.018945 0.024648 0.0083276 0.007731 0.9061 0.003235 0.003235 0.0066634 0.021118
0.0049768 0.0076463 0.0041721 0.0037538 0.96371 0.001579 0.001579 0.0038036 0.0087838
0.0054392 0.0081297 0.0041785 0.0039622 0.9608 0.0016703 0.0016703 0.0038445 0.01031
0.0039808 0.0072179 0.0033622 0.0030967 0.97085 0.0013022 0.0013022 0.0028039 0.0060862
0.0055919 0.010885 0.0046588 0.0042524 0.95627 0.0017966 0.0017966 0.0037173 0.011027
0.0052045 0.01107 0.0047216 0.0040874 0.95945 0.0017034 0.0017034 0.0036632 0.0083954
0.0083555 0.024522 0.0075537 0.0066295 0.92588 0.0027004 0.0027004 0.0062498 0.015408
0.0096678 0.042615 0.0074726 0.0075766 0.90676 0.0029517 0.0029517 0.0065884 0.013421
0.0052707 0.0086069 0.0041485 0.0038704 0.96172 0.0016363 0.0016363 0.0042135 0.0088931
0.005324 0.012019 0.0046775 0.0043344 0.95477 0.001809 0.001809 0.0037833 0.011475
0.010452 0.012185 0.0067916 0.0059722 0.93582 0.0025213 0.0025213 0.0057488 0.017991
0.0054439 0.011275 0.0047617 0.0042915 0.95818 0.0017513 0.0017513 0.0042699 0.0082756
0.0057575 0.013918 0.0050047 0.004677 0.95044 0.0019635 0.0019635 0.004253 0.012019
0.0053306 0.010338 0.0047393 0.0043561 0.95646 0.0017929 0.0017929 0.0036786 0.011507
0.0056818 0.011089 0.0048452 0.0044098 0.95539 0.0018415 0.0018415 0.0039225 0.01098
0.0062724 0.011901 0.0049226 0.0043922 0.95382 0.0018579 0.0018579 0.0038097 0.011165
0.0085395 0.022857 0.0075805 0.0070502 0.92547 0.0027622 0.0027622 0.0064188 0.01656
0.0081362 0.034253 0.0065874 0.0062654 0.92415 0.002496 0.002496 0.0049809 0.010638
0.0056627 0.012571 0.0051456 0.0045648 0.95231 0.0019119 0.0019119 0.0045943 0.011326
0.0060497 0.016899 0.005546 0.0044553 0.95025 0.0018991 0.0018991 0.0038734 0.0091281
0.0041931 0.0073518 0.0035817 0.0032509 0.96901 0.0013745 0.0013745 0.0029636 0.006899
0.49644 0.04429 0.025249 0.018887 0.33846 0.0078867 0.0078867 0.01713 0.043771
0.0061499 0.014276 0.0057518 0.0050397 0.94509 0.002128 0.002128 0.0044066 0.015033
0.012026 0.021914 0.011138 0.0092601 0.89512 0.0037605 0.0037605 0.012952 0.030066
0.0069355 0.013124 0.0057467 0.004853 0.95074 0.00201 0.00201 0.0045151 0.010062
0.0064325 0.0092935 0.0050611 0.0045935 0.95413 0.0019372 0.0019372 0.0047895 0.011821
0.0059572 0.01189 0.0051934 0.0045547 0.95241 0.0019241 0.0019241 0.004396 0.01175
0.019993 0.014165 0.0080213 0.0069162 0.92295 0.0029002 0.0029002 0.0068668 0.015285
0.0079557 0.015105 0.0063934 0.005749 0.936 0.0024216 0.0024216 0.0051372 0.018819
0.0047121 0.0094832 0.0039345 0.0035488 0.96506 0.0015039 0.0015039 0.0029855 0.0072689
0.018601 0.056542 0.01257 0.011243 0.84892 0.004693 0.004693 0.0098212 0.032914
0.0062369 0.014692 0.0055181 0.0050463 0.949 0.0020172 0.0020172 0.0051546 0.010314
0.0056697 0.013597 0.0052346 0.0047011 0.95306 0.0018716 0.0018716 0.0043478 0.0096505
0.0062671 0.022346 0.0055516 0.0053349 0.94113 0.0021383 0.0021383 0.0042822 0.010809
0.036774 0.016701 0.010412 0.0080842 0.89868 0.0033989 0.0033989 0.0073506 0.015203
0.0045686 0.010461 0.0038526 0.0035404 0.96544 0.0014538 0.0014538 0.0030763 0.0061492
0.0097711 0.022032 0.0097079 0.0075865 0.91026 0.0031839 0.0031839 0.0079867 0.02629
0.23866 0.098056 0.030582 0.026966 0.44653 0.011302 0.011302 0.032714 0.10389
0.0052392 0.012305 0.0047105 0.0041348 0.95777 0.0017195 0.0017195 0.0035056 0.0088937
0.0055865 0.0097182 0.0052423 0.0044783 0.95518 0.0018532 0.0018532 0.004354 0.011729
0.011292 0.013829 0.0069595 0.0059499 0.93593 0.002522 0.002522 0.0054114 0.015586
0.0082003 0.015161 0.0067535 0.0062309 0.93748 0.0024541 0.0024541 0.0065715 0.014691
0.0065295 0.019035 0.005521 0.0050006 0.94462 0.0021194 0.0021194 0.0048492 0.010208
0.0082225 0.022618 0.0064212 0.0058156 0.93474 0.0024257 0.0024257 0.0062391 0.011094
0.0050545 0.011817 0.0043809 0.0041462 0.95875 0.0017028 0.0017028 0.0036981 0.0087449
0.0058736 0.013123 0.0062244 0.0047454 0.94995 0.0019954 0.0019954 0.0046724 0.011418
0.00612 0.013327 0.0052405 0.0047732 0.95096 0.0020111 0.0020111 0.0048682 0.010685
0.0040859 0.0075647 0.0035655 0.0032045 0.96971 0.0013417 0.0013417 0.0028013 0.0063879
0.0046624 0.0078874 0.0038592 0.0035279 0.96484 0.0015187 0.0015187 0.003238 0.0089516
0.0051931 0.0085332 0.0044528 0.0038937 0.96181 0.0016248 0.0016248 0.0033182 0.0095515
0.34589 0.040271 0.031352 0.030355 0.39471 0.030297 0.030297 0.034279 0.062547
0.0047631 0.0093014 0.0046358 0.0038224 0.96197 0.0016107 0.0016107 0.0034032 0.0088838
0.004441 0.0080172 0.0040126 0.0035026 0.96569 0.0014804 0.0014804 0.003286 0.0080946
0.0051224 0.0088815 0.0043006 0.0039124 0.96165 0.0016482 0.0016482 0.003609 0.009232
0.005161 0.0086304 0.0042956 0.0039042 0.96141 0.0016504 0.0016504 0.0040002 0.0092952
0.0056798 0.010001 0.0054587 0.0046954 0.95075 0.0019699 0.0019699 0.0045579 0.014919
0.0056013 0.012604 0.0052197 0.004674 0.95311 0.0018922 0.0018922 0.0043986 0.010607
0.072835 0.04889 0.015918 0.014661 0.77493 0.0061665 0.0061665 0.013445 0.046984
0.0054626 0.0083117 0.0044568 0.004021 0.9603 0.0016909 0.0016909 0.0039512 0.010116
0.0066301 0.011592 0.0056989 0.0046988 0.95054 0.0019923 0.0019923 0.0049437 0.011915
0.0058486 0.012636 0.0059137 0.0048979 0.94762 0.0020593 0.0020593 0.0044712 0.01449
0.0067242 0.01305 0.0082355 0.0051835 0.94538 0.0021846 0.0021846 0.0047068 0.012352
0.0057249 0.011128 0.0050346 0.0045438 0.95388 0.0019025 0.0019025 0.0042929 0.011596
0.0068276 0.014375 0.0065208 0.0054385 0.94332 0.0022408 0.0022408 0.0049135 0.014124
0.4832 0.039387 0.037455 0.030153 0.25395 0.030177 0.030177 0.035617 0.059892
0.019285 0.040087 0.013076 0.011937 0.86934 0.0083218 0.0083218 0.011365 0.018266
0.0052063 0.009485 0.0045634 0.0040149 0.9593 0.0016945 0.0016945 0.0036123 0.010431
0.012531 0.025861 0.010906 0.0091389 0.90536 0.0068628 0.0068628 0.0089055 0.013577
0.0046777 0.0099845 0.0040937 0.0036814 0.96401 0.0015562 0.0015562 0.0030502 0.0073877
0.004913 0.0099397 0.0044522 0.0038033 0.96254 0.001604 0.001604 0.003446 0.0076931
0.026068 0.016432 0.0080909 0.0075382 0.91253 0.0031521 0.0031521 0.0064512 0.016586
0.004372 0.0076994 0.0037574 0.0033388 0.96772 0.0014149 0.0014149 0.0030622 0.0072222
0.00942 0.022979 0.0068878 0.0063892 0.9311 0.0024966 0.0024966 0.005059 0.013175
0.0075218 0.015369 0.0065222 0.005801 0.93725 0.0024336 0.0024336 0.0059565 0.016716
0.0063382 0.011384 0.0063954 0.0051467 0.94397 0.0021772 0.0021772 0.0046378 0.017774
0.0042205 0.0078919 0.0040693 0.0035077 0.96591 0.0014735 0.0014735 0.0031427 0.008314
0.0096727 0.011472 0.0062909 0.005625 0.94178 0.0023531 0.0023531 0.0056016 0.014848
0.0047193 0.011714 0.0038774 0.0035121 0.96382 0.0015003 0.0015003 0.0032325 0.0061201
0.0044484 0.0093394 0.0042155 0.0035053 0.96624 0.0014524 0.0014524 0.0030986 0.0062523
0.0055846 0.0090611 0.0048408 0.0041629 0.9585 0.001754 0.001754 0.0042619 0.010077
0.0078803 0.033952 0.0068013 0.0071138 0.92044 0.0026368 0.0026368 0.0053902 0.013145
0.0061523 0.012263 0.0054907 0.0049594 0.94891 0.0020662 0.0020662 0.0049831 0.013108
0.0074353 0.019674 0.0069209 0.0057815 0.93545 0.0024166 0.0024166 0.0054395 0.014465
0.010263 0.02753 0.0088603 0.0076248 0.90858 0.0032052 0.0032052 0.0071651 0.023561
0.0092045 0.042903 0.0084352 0.007371 0.90488 0.0030592 0.0030592 0.0065385 0.014549
0.005887 0.020835 0.0051891 0.0050362 0.94555 0.0020196 0.0020196 0.0039822 0.0094847
0.0057531 0.016628 0.0051162 0.0047117 0.95102 0.0021081 0.0021081 0.0040181 0.0085328
0.0064325 0.010608 0.0054654 0.0048414 0.95052 0.0020401 0.0020401 0.0047052 0.013348
0.005727 0.013592 0.0054356 0.0045973 0.9515 0.0019367 0.0019367 0.0042383 0.011037
0.0044776 0.0072407 0.0046558 0.0037016 0.96476 0.0015335 0.0015335 0.0033908 0.0087081
0.011379 0.010827 0.0059048 0.0053405 0.94361 0.0022438 0.0022438 0.0044494 0.014003
0.011221 0.012229 0.0068908 0.0057269 0.94064 0.0024098 0.0024098 0.0054341 0.013036
0.014273 0.19092 0.012758 0.012427 0.72816 0.0048743 0.0048743 0.0097936 0.021918
0.0042402 0.0078225 0.0038667 0.0034227 0.96653 0.0014502 0.0014502 0.0031999 0.0080166
0.0056178 0.015347 0.0051332 0.0045535 0.95272 0.0019096 0.0019096 0.0038276 0.0089848
0.0089564 0.025429 0.0071107 0.0064891 0.92755 0.0026143 0.0026143 0.0064104 0.012826
0.0058547 0.0097749 0.0049148 0.0045128 0.95412 0.0019036 0.0019036 0.0041498 0.012867
0.0084116 0.0124 0.0062512 0.0055531 0.94161 0.0023497 0.0023497 0.0052622 0.015813
0.0049418 0.007671 0.0040076 0.0036836 0.96464 0.0015496 0.0015496 0.0038136 0.0081443
0.005142 0.010187 0.0049919 0.0043207 0.95687 0.0017781 0.0017781 0.0039257 0.011006
0.0049712 0.0093696 0.0044785 0.0041105 0.95768 0.0017214 0.0017214 0.00387 0.01208
0.0088217 0.018622 0.0081803 0.0064518 0.92921 0.0026422 0.0026422 0.0057951 0.017633
0.0044603 0.0097493 0.0038975 0.003545 0.96464 0.0014843 0.0014843 0.0030744 0.00766
0.0051487 0.007875 0.0039872 0.0037116 0.96334 0.001571 0.001571 0.0037221 0.0090711
0.0057922 0.013711 0.0051708 0.0047164 0.95169 0.0019479 0.0019479 0.0045424 0.010479
0.0081977 0.016124 0.010373 0.0064575 0.93082 0.0027043 0.0027043 0.006375 0.016243
0.0093033 0.011622 0.0060211 0.0055609 0.94191 0.0023397 0.0023397 0.0059844 0.014924
0.0093347 0.012529 0.0064044 0.00544 0.94376 0.0022913 0.0022913 0.0052919 0.012657
0.0044773 0.0085276 0.0041711 0.0037085 0.9647 0.0015276 0.0015276 0.0035006 0.0078646
0.0053847 0.010149 0.0048895 0.0044309 0.95819 0.0022352 0.0022352 0.0038192 0.0086652
0.0052337 0.014184 0.0046327 0.004285 0.95492 0.0018016 0.0018016 0.0037887 0.0093572
0.0056992 0.0090099 0.0045358 0.0040257 0.96051 0.0016939 0.0016939 0.0038592 0.008968
0.006553 0.010549 0.0050988 0.0047079 0.95195 0.0019828 0.0019828 0.0045435 0.012631
0.0051921 0.009368 0.0047677 0.0041802 0.95747 0.0017558 0.0017558 0.003518 0.011993
0.0058862 0.011098 0.0053099 0.004614 0.95184 0.0019462 0.0019462 0.0041696 0.013184
0.0062355 0.012258 0.0050292 0.0047231 0.95215 0.0019595 0.0019595 0.0041879 0.011494
0.0058307 0.012058 0.0049694 0.0044266 0.9554 0.0018373 0.0018373 0.0038545 0.0097822
0.0078261 0.022097 0.0069842 0.0059793 0.93268 0.0025071 0.0025071 0.0061752 0.013242
0.0044102 0.0084278 0.0040772 0.003636 0.96445 0.0015211 0.0015211 0.0032518 0.0087002
0.0058706 0.0094036 0.0045578 0.0041926 0.95844 0.0017514 0.0017514 0.0038681 0.010168
0.007879 0.012519 0.0064117 0.0055789 0.94 0.0023201 0.0023201 0.0051514 0.017818
0.0058403 0.010871 0.0048498 0.0044603 0.95441 0.001874 0.001874 0.004005 0.011816
0.0069304 0.016882 0.0058605 0.0053046 0.94112 0.0022395 0.0022395 0.004687 0.014737
0.0059387 0.014265 0.0054857 0.004732 0.94916 0.0019935 0.0019935 0.0046058 0.011823
0.0059484 0.019997 0.0058717 0.0049158 0.94541 0.0020569 0.0020569 0.0042793 0.0094643
0.006309 0.011612 0.0051818 0.004569 0.95358 0.0019294 0.0019294 0.0043556 0.010535
0.52671 0.043827 0.022979 0.019709 0.2938 0.0082707 0.0082707 0.022637 0.053796
0.0056357 0.016578 0.0051235 0.0044781 0.95202 0.0018688 0.0018688 0.0037228 0.0087011
0.0051798 0.010191 0.0045966 0.004251 0.95876 0.0017413 0.0017413 0.0039294 0.0096103
0.00469 0.0087716 0.0043231 0.0037957 0.96393 0.0015521 0.0015521 0.003324 0.0080575
0.0083307 0.03117 0.0062582 0.0063691 0.92718 0.0024261 0.0024261 0.005434 0.010411
0.006285 0.010004 0.005468 0.0046045 0.9533 0.0019403 0.0019403 0.0044431 0.01202
0.0072288 0.015272 0.0068977 0.0059589 0.93532 0.0024697 0.0024697 0.0054338 0.018949
0.0049227 0.0087393 0.0044503 0.0038147 0.96275 0.0016045 0.0016045 0.0037422 0.0083751
0.64649 0.028466 0.037483 0.025298 0.13582 0.025377 0.025377 0.033218 0.042477
0.0054316 0.010926 0.0048811 0.0043422 0.95513 0.0018303 0.0018303 0.003727 0.011906
0.0043275 0.0081383 0.0038097 0.0034167 0.96615 0.0014435 0.0014435 0.002941 0.0083259
0.0051341 0.0085028 0.0046966 0.0039344 0.96073 0.0016642 0.0016642 0.00409 0.009581
0.0077011 0.017834 0.0073157 0.0063074 0.92689 0.0026377 0.0026377 0.006106 0.022567
0.0081608 0.022586 0.0067283 0.0061002 0.93103 0.0025639 0.0025639 0.0053026 0.014966
0.0061338 0.014941 0.0053572 0.004624 0.95065 0.0019608 0.0019608 0.0040623 0.010307
0.19629 0.05004 0.022172 0.019357 0.61463 0.0081804 0.0081804 0.021527 0.059626
0.0048588 0.010091 0.004189 0.0039096 0.96118 0.0016186 0.0016186 0.0031793 0.0093551
0.0077143 0.012734 0.0062271 0.0055384 0.94133 0.0023348 0.0023348 0.005584 0.016204
0.0051166 0.0080946 0.0042659 0.0038004 0.96302 0.0015999 0.0015999 0.0037895 0.0087107
0.0061096 0.014105 0.0052871 0.0049114 0.94668 0.0020601 0.0020601 0.0042185 0.01457
0.006842 0.012912 0.0050133 0.0044088 0.95436 0.0018605 0.0018605 0.0037055 0.0090374
0.0046016 0.007479 0.0037491 0.0035161 0.96641 0.0014791 0.0014791 0.0030571 0.0082306
0.0067106 0.014843 0.0063663 0.005529 0.94041 0.0022962 0.0022962 0.0053805 0.01617
0.0040914 0.0085784 0.0038516 0.003424 0.9673 0.0014163 0.0014163 0.0030848 0.0068375
0.0072504 0.013194 0.005908 0.0053492 0.94266 0.0022466 0.0022466 0.00476 0.016388
0.0065861 0.011256 0.0053361 0.004903 0.94953 0.0020639 0.0020639 0.0047022 0.013559
0.099479 0.065921 0.020178 0.017471 0.71802 0.0074003 0.0074003 0.015792 0.04834
0.0070181 0.013371 0.0066337 0.0051767 0.94345 0.0021875 0.0021875 0.0049485 0.015026
0.005179 0.0084231 0.0041444 0.0038079 0.96281 0.0016022 0.0016022 0.003855 0.0085747
0.033219 0.014738 0.0078893 0.0070577 0.91195 0.0029791 0.0029791 0.0061567 0.013033
0.0044368 0.010208 0.0039219 0.0036982 0.9617 0.0015285 0.0015285 0.0029831 0.0099913
0.18489 0.063058 0.031905 0.030437 0.52859 0.030981 0.030981 0.032804 0.066355
0.013675 0.055944 0.01186 0.010937 0.85831 0.0060661 0.0060661 0.012475 0.024669
0.0055534 0.013849 0.005134 0.0044081 0.95424 0.0018643 0.0018643 0.0037559 0.0093283
0.0058416 0.011524 0.0050148 0.0046064 0.95223 0.0019287 0.0019287 0.0046275 0.012295
0.011186 0.013554 0.0070429 0.0061658 0.93404 0.0025789 0.0025789 0.0056759 0.017177
0.011583 0.072278 0.0094476 0.0089608 0.86504 0.0035901 0.0035901 0.007442 0.018071
0.0071157 0.021973 0.0060486 0.0052449 0.93966 0.0022296 0.0022296 0.0043872 0.01111
0.0054304 0.010297 0.0050755 0.0041914 0.95705 0.0017668 0.0017668 0.0038328 0.010585
0.0049683 0.01217 0.0044939 0.0039925 0.96006 0.0016535 0.0016535 0.0035912 0.0074197
0.0053498 0.011006 0.0042455 0.0037874 0.96196 0.0015831 0.0015831 0.0033506 0.0071312
0.0068955 0.014256 0.0056315 0.0047368 0.95017 0.0019819 0.0019819 0.0044756 0.0098676
0.0072859 0.017417 0.0064357 0.005967 0.93285 0.0024994 0.0024994 0.0058047 0.019241
0.0080418 0.022364 0.0066248 0.0059275 0.93246 0.002456 0.002456 0.0054465 0.014227
0.0062227 0.011059 0.0058099 0.0050555 0.94743 0.0020938 0.0020938 0.0051121 0.015127
0.013071 0.063653 0.011045 0.011014 0.8532 0.0042211 0.0042211 0.0085722 0.031005
0.0036011 0.0067923 0.0033017 0.0028489 0.9734 0.0011899 0.0011899 0.0023551 0.0053248
0.0058674 0.012655 0.0050154 0.0042467 0.95591 0.0017821 0.0017821 0.0039484 0.0087962
0.0040348 0.0080704 0.0033854 0.0031137 0.96987 0.0013002 0.0013002 0.0025451 0.0063797
0.0095425 0.019917 0.007023 0.0061206 0.93318 0.0025174 0.0025174 0.0052974 0.013884
0.0052113 0.0087844 0.0040799 0.0037354 0.96377 0.0015643 0.0015643 0.0033818 0.0079059
0.010412 0.012443 0.0068531 0.0059427 0.93719 0.0025043 0.0025043 0.0063056 0.015848
0.42733 0.052257 0.030803 0.022748 0.35765 0.0096327 0.0096327 0.024847 0.065096
0.0065775 0.013371 0.006532 0.0053166 0.94443 0.0021817 0.0021817 0.0047223 0.014685
0.0064438 0.014089 0.0059935 0.0053348 0.94154 0.0022321 0.0022321 0.0049205 0.01721
0.0050851 0.0093217 0.0047353 0.0040727 0.95955 0.001705 0.001705 0.0037537 0.010072
0.038927 0.044878 0.014114 0.01269 0.82904 0.0053643 0.0053643 0.011791 0.03783
0.0064449 0.018542 0.0059054 0.0055111 0.94199 0.0022116 0.0022116 0.0049973 0.012184
0.0068659 0.023746 0.0061919 0.005799 0.93551 0.0023527 0.0023527 0.0047965 0.012383
0.0056283 0.02032 0.00488 0.0046038 0.94776 0.0018901 0.0018901 0.0037971 0.0092306
0.0099021 0.02448 0.0070828 0.0061323 0.92721 0.0026048 0.0026048 0.0054453 0.014534
0.0044436 0.011335 0.0043793 0.0037118 0.96293 0.0015424 0.0015424 0.0032085 0.0069039
0.0057525 0.011371 0.0049456 0.0046377 0.95342 0.0019164 0.0019164 0.004135 0.011908
0.008654 0.037874 0.0069984 0.0065534 0.91538 0.0027043 0.0027043 0.0054547 0.013677
0.006471 0.010973 0.0054413 0.0048714 0.94946 0.0020499 0.0020499 0.0047087 0.013975
0.0050869 0.0081236 0.0046709 0.0038947 0.96137 0.0016443 0.0016443 0.0039136 0.0096546
0.0069527 0.0095727 0.0048726 0.0044974 0.9543 0.0018868 0.0018868 0.0040199 0.012012
0.009792 0.014892 0.0071619 0.0062869 0.93018 0.002652 0.002652 0.0058544 0.020524
0.0088783 0.029591 0.0095989 0.007173 0.91028 0.0030044 0.0030044 0.0061007 0.022372
0.011935 0.047641 0.0094682 0.0090929 0.8827 0.0036323 0.0036323 0.0077232 0.024172
0.1558 0.07313 0.035296 0.02954 0.55907 0.020898 0.020898 0.028412 0.076947
0.0072542 0.013732 0.0080748 0.0061576 0.93133 0.0025431 0.0025431 0.0053177 0.023046
0.0050543 0.0083355 0.0045198 0.0038788 0.96209 0.0016304 0.0016304 0.003965 0.0088938
0.0078236 0.0096913 0.0047925 0.0044155 0.95577 0.0018728 0.0018728 0.0040747 0.0096891
0.014441 0.08335 0.012609 0.011509 0.8245 0.0047541 0.0047541 0.0096881 0.034394
0.0060549 0.011197 0.0070247 0.0048926 0.9481 0.0020647 0.0020647 0.0043107 0.014292
0.005117 0.010493 0.0050158 0.0042132 0.95611 0.0017587 0.0017587 0.0037149 0.011821
0.018543 0.57502 0.016586 0.015611 0.31835 0.0063108 0.0063108 0.012604 0.030662
0.013291 0.10343 0.011013 0.010337 0.8227 0.0040842 0.0040842 0.0079692 0.023093
0.01321 0.014432 0.0078387 0.0070062 0.92255 0.0029322 0.0029322 0.0070803 0.022018
0.0079453 0.029544 0.0073597 0.0075223 0.92021 0.0027359 0.0027359 0.0054473 0.016495
0.0075226 0.016814 0.0076656 0.00624 0.92722 0.0026278 0.0026278 0.0056563 0.023629
0.0057353 0.0093032 0.0052962 0.0045404 0.95427 0.0019063 0.0019063 0.0049129 0.01213
0.0085485 0.024195 0.0072812 0.0069531 0.91898 0.0027618 0.0027618 0.0053534 0.023164
0.021173 0.57762 0.017966 0.015699 0.3104 0.0063105 0.0063105 0.013061 0.031459
0.01805 0.029912 0.011696 0.010159 0.87468 0.004261 0.004261 0.010494 0.03649
0.010332 0.074702 0.0098774 0.0091877 0.86142 0.0035749 0.0035749 0.0072561 0.020079
0.31334 0.035596 0.031049 0.028859 0.45593 0.02849 0.02849 0.031363 0.046885
0.097696 0.061405 0.027567 0.026874 0.65208 0.02006 0.02006 0.028158 0.066097
0.0062759 0.0089311 0.004517 0.0042524 0.95759 0.0017912 0.0017912 0.0039716 0.010877
0.0093139 0.011025 0.0059385 0.0053823 0.9439 0.0022535 0.0022535 0.004889 0.015044
0.011959 0.051022 0.010486 0.0094883 0.86779 0.0039453 0.0039453 0.0079801 0.033388
0.0047743 0.0099476 0.0042494 0.0039199 0.96014 0.001647 0.001647 0.0033394 0.010339
0.010262 0.021065 0.0096495 0.0081032 0.89711 0.0034095 0.0034095 0.0076848 0.039306
0.0091659 0.020721 0.0084401 0.0073632 0.91065 0.0030817 0.0030817 0.0069637 0.030527
0.01332 0.14386 0.010691 0.0099552 0.7872 0.0041543 0.0041543 0.0081829 0.018489
0.0064197 0.020241 0.0056695 0.0049322 0.94276 0.0020725 0.0020725 0.0040536 0.011781
0.018157 0.085245 0.018066 0.014024 0.78259 0.0058827 0.0058827 0.011641 0.058512
0.0045277 0.013712 0.0043304 0.0038866 0.96002 0.0015607 0.0015607 0.0030332 0.0073685
0.0082518 0.018305 0.009933 0.0067068 0.92764 0.0027817 0.0027817 0.0069364 0.016665
0.013823 0.79779 0.012552 0.011857 0.12384 0.0047719 0.0047719 0.0095259 0.021071
0.012948 0.80958 0.012079 0.010497 0.11614 0.0044333 0.0044333 0.0089052 0.020981
0.0070812 0.012414 0.005127 0.0047689 0.94969 0.0020038 0.0020038 0.0040869 0.012823
0.011501 0.080053 0.0106 0.010844 0.84883 0.0039838 0.0039838 0.0081607 0.022048
0.41786 0.040853 0.034838 0.031693 0.29752 0.03189 0.03189 0.0431 0.070357
0.0076994 0.010568 0.0055561 0.0049006 0.94934 0.0020567 0.0020567 0.0042125 0.013612
0.0097752 0.027797 0.0095226 0.0087218 0.90797 0.0055816 0.0055816 0.0084321 0.016619
0.0092869 0.040903 0.007697 0.0079481 0.9072 0.0029736 0.0029736 0.0064977 0.01452
0.011518 0.017912 0.0082061 0.0073353 0.91608 0.0030843 0.0030843 0.0069466 0.025839
0.10112 0.065862 0.028577 0.02862 0.6379 0.028412 0.028412 0.033823 0.047268
0.017831 0.042119 0.015813 0.015993 0.83841 0.014857 0.014857 0.015663 0.024461
0.0057951 0.010868 0.0052426 0.0048123 0.9494 0.0022584 0.0022584 0.0042013 0.01516
0.00504 0.016372 0.0047679 0.0043309 0.95385 0.0017641 0.0017641 0.0035462 0.0085696
0.0058363 0.0085805 0.0055375 0.0042393 0.95783 0.0017882 0.0017882 0.004445 0.0099505
0.0088778 0.90806 0.0087157 0.0077564 0.041165 0.0030378 0.0030378 0.0064291 0.012921
0.014419 0.082186 0.012583 0.013778 0.81594 0.004952 0.004952 0.0099323 0.041256
0.10872 0.098618 0.022533 0.020631 0.66554 0.0096911 0.0096911 0.019877 0.0447
0.0069559 0.013112 0.0062813 0.0055767 0.93979 0.0023952 0.0023952 0.0049293 0.018563
0.0054905 0.0090497 0.0047494 0.0043232 0.95438 0.0018322 0.0018322 0.0038919 0.014447
0.0050963 0.009679 0.0048219 0.004159 0.95759 0.0017417 0.0017417 0.0039905 0.011175
0.014531 0.020011 0.0087316 0.0079628 0.90592 0.0033552 0.0033552 0.0074763 0.028659
0.48872 0.033805 0.039885 0.03043 0.24434 0.030352 0.030352 0.038657 0.063454
0.0079173 0.017914 0.0065831 0.0060136 0.93598 0.0024419 0.0024419 0.0056573 0.015053
0.017887 0.086823 0.016247 0.016753 0.77771 0.0058334 0.0058334 0.013088 0.059826
0.0090136 0.91117 0.0090266 0.0077656 0.036869 0.0030771 0.0030771 0.0065134 0.013484
0.0060135 0.0096246 0.0049241 0.0042473 0.95703 0.0017837 0.0017837 0.0036143 0.010979
0.0085117 0.013769 0.0065136 0.0058538 0.9366 0.0024516 0.0024516 0.0053242 0.018521
0.0065676 0.013306 0.0058123 0.0049678 0.94807 0.0020728 0.0020728 0.0044443 0.01269
0.0052392 0.0090174 0.0050715 0.0040747 0.9595 0.0017146 0.0017146 0.004115 0.0095529
0.010425 0.8697 0.0097227 0.0092549 0.069595 0.0036766 0.0036766 0.0073554 0.016592
0.0076441 0.029603 0.0065066 0.0061739 0.92738 0.0024824 0.0024824 0.0049129 0.01281
0.0080056 0.010572 0.0054656 0.0048676 0.94873 0.0020501 0.0020501 0.0044672 0.013792
0.011673 0.072327 0.0088168 0.0079898 0.8691 0.0034139 0.0034139 0.0066194 0.016645
0.014426 0.054646 0.013902 0.011369 0.84115 0.0047706 0.0047706 0.010125 0.044841
0.024856 0.3086 0.024901 0.02953 0.52363 0.016095 0.016095 0.02139 0.034899
0.0058534 0.0095127 0.0049516 0.0044083 0.95548 0.0018574 0.0018574 0.004409 0.011666
0.0057387 0.0090919 0.0045933 0.0042135 0.95768 0.001766 0.001766 0.0037133 0.011433
0.013426 0.8526 0.01137 0.010268 0.072753 0.0042343 0.0042343 0.0087761 0.022344
0.0084422 0.014771 0.0071117 0.0066546 0.92961 0.0037526 0.0037526 0.0065017 0.019403
0.022809 0.45578 0.020372 0.027441 0.39309 0.0077176 0.0077176 0.015833 0.049235
0.0071647 0.0077133 0.0045471 0.0040424 0.95997 0.0017009 0.0017009 0.0034599 0.0097039
0.013373 0.067664 0.013495 0.011912 0.83842 0.0046677 0.0046677 0.010196 0.035605
0.022841 0.18197 0.017872 0.01854 0.68119 0.0068217 0.0068217 0.013726 0.050217
0.028436 0.13829 0.026749 0.041388 0.648 0.025111 0.025111 0.025649 0.041265
0.013603 0.035112 0.012281 0.011543 0.87246 0.0082348 0.0082348 0.011487 0.027049
0.0097711 0.075655 0.0086479 0.0078195 0.87022 0.0032167 0.0032167 0.0062871 0.015169
0.008324 0.022649 0.0073416 0.0066425 0.92274 0.0027437 0.0027437 0.00544 0.021372
0.0052932 0.0089062 0.0045399 0.0040073 0.96052 0.0016809 0.0016809 0.0038451 0.0095259
0.0063834 0.93985 0.0059339 0.0055134 0.023841 0.0022039 0.0022039 0.0043266 0.0097468
0.0060845 0.94368 0.0056291 0.0054094 0.021876 0.00212 0.00212 0.0041893 0.0088941
0.007982 0.050238 0.0073575 0.0067281 0.90291 0.0027839 0.0027839 0.0056645 0.013549
0.0048822 0.0092425 0.0040844 0.0037494 0.96329 0.0015811 0.0015811 0.0033101 0.0082761
0.0049335 0.011633 0.0046278 0.0041516 0.95799 0.001724 0.001724 0.0036098 0.0096061
0.0052678 0.012242 0.0047583 0.0043753 0.95644 0.0017886 0.0017886 0.0037332 0.0096043
0.0048029 0.0082541 0.0041585 0.0036482 0.96459 0.0015323 0.0015323 0.0036892 0.0077937
0.0054366 0.0096859 0.0051348 0.0044959 0.95348 0.0018882 0.0018882 0.0045874 0.013406
0.0068582 0.93516 0.0063009 0.00592 0.024603 0.0023718 0.0023718 0.004809 0.011606
0.0074378 0.032957 0.0065909 0.0058087 0.92411 0.0024783 0.0024783 0.0051069 0.01303
0.0059961 0.016597 0.0051867 0.0047254 0.94725 0.0020047 0.0020047 0.0040831 0.012147
0.0055193 0.010063 0.0048268 0.0042352 0.9564 0.0017807 0.0017807 0.0035367 0.011858
0.0055264 0.010544 0.0046675 0.0043264 0.95649 0.0018219 0.0018219 0.0038463 0.010955
0.0078958 0.010849 0.0054925 0.004872 0.94979 0.0020484 0.0020484 0.0043679 0.012635
0.008083 0.01545 0.0063683 0.0055277 0.94344 0.0022405 0.0022405 0.0045188 0.012127
0.022451 0.054183 0.018591 0.020584 0.80035 0.017322 0.017322 0.016993 0.032208
0.023102 0.060658 0.024069 0.022618 0.71018 0.016487 0.016487 0.021242 0.10516
0.008333 0.013702 0.0070579 0.0061271 0.93239 0.0025871 0.0025871 0.006502 0.02071
0.0086371 0.015082 0.0095762 0.0068786 0.92255 0.0028907 0.0028907 0.0081906 0.023306
0.0074904 0.013217 0.0079958 0.005904 0.93549 0.0024811 0.0024811 0.0064201 0.018525
0.0050302 0.0081038 0.0041236 0.0037373 0.96377 0.0015676 0.0015676 0.0033476 0.0087477
0.0077772 0.021372 0.0072143 0.0063873 0.927 0.0026245 0.0026245 0.0051864 0.019815
0.022822 0.1998 0.023261 0.029753 0.62705 0.022475 0.022475 0.023964 0.028404
0.0073165 0.92847 0.0066824 0.0065172 0.03037 0.0024873 0.0024873 0.0050832 0.010587
0.0061981 0.0093964 0.0046676 0.0043238 0.9567 0.0018213 0.0018213 0.0038608 0.011215
0.0058235 0.010617 0.0047092 0.0043179 0.9564 0.0018247 0.0018247 0.0041796 0.0103
0.013144 0.015046 0.008045 0.0070821 0.92008 0.0029641 0.0029641 0.0067673 0.023912
0.013314 0.81923 0.012098 0.011697 0.10415 0.0046556 0.0046556 0.0091911 0.021014
0.0059693 0.0133 0.005565 0.0049799 0.9473 0.0020984 0.0020984 0.0046486 0.014038
0.0098714 0.018018 0.0087319 0.0080194 0.89092 0.0033833 0.0033833 0.0072787 0.050394
0.0072539 0.030469 0.0061136 0.0056242 0.92922 0.0023894 0.0023894 0.0050204 0.011521
0.0050466 0.0088135 0.0045706 0.0042002 0.95825 0.0017441 0.0017441 0.0036996 0.011936
0.0062326 0.012554 0.0058974 0.0051301 0.94518 0.002158 0.002158 0.004841 0.015846
0.0080793 0.013246 0.0091077 0.0066288 0.91882 0.0028001 0.0028001 0.0061883 0.032329
0.010224 0.015406 0.010228 0.0073093 0.91446 0.0030975 0.0030975 0.0078566 0.028318
0.0093842 0.015455 0.011182 0.0074018 0.91047 0.0031185 0.0031185 0.0081525 0.031717
0.010238 0.023457 0.012325 0.0081295 0.90623 0.0033947 0.0033947 0.0083856 0.02444
0.0072217 0.93029 0.006658 0.0061655 0.028733 0.0025029 0.0025029 0.00496 0.010965
0.006878 0.0097551 0.0054959 0.0048995 0.94797 0.0020509 0.0020509 0.0043007 0.016596
0.013912 0.80607 0.012687 0.012457 0.10974 0.0062077 0.0062077 0.010451 0.022263
0.0060086 0.010517 0.0048672 0.0043973 0.9554 0.0018553 0.0018553 0.0048881 0.010216
0.010082 0.02166 0.011974 0.0084255 0.89766 0.0034838 0.0034838 0.0087219 0.034508
0.007247 0.92982 0.0070713 0.0065439 0.027999 0.0025261 0.0025261 0.0051416 0.011128
0.0092364 0.89728 0.0082432 0.0084579 0.049712 0.0031968 0.0031968 0.0066085 0.014065
0.044627 0.16566 0.0525 0.047032 0.17939 0.037602 0.037602 0.044398 0.39119
0.0055205 0.009 0.0047927 0.0042399 0.95792 0.0017741 0.0017741 0.0041324 0.010848
