0.0076267 0.017751 0.0063762 0.0057453 0.9387 0.0023893 0.0023893 0.0067972 0.012227
0.0091983 0.018728 0.007143 0.0066656 0.92889 0.0026536 0.0026536 0.0062555 0.017812
0.0047713 0.0080545 0.0038717 0.003556 0.96588 0.0014782 0.0014782 0.003181 0.007731
0.012834 0.019511 0.0085946 0.0078274 0.90895 0.0032416 0.0032416 0.007024 0.028779
0.0078315 0.014374 0.0064618 0.0060505 0.93375 0.0026531 0.0026531 0.0056293 0.0206
0.0063741 0.013103 0.0046629 0.0045163 0.95436 0.0019609 0.0019609 0.0042205 0.0088395
0.0072705 0.013847 0.0057256 0.0054517 0.94504 0.0023245 0.0023245 0.0045615 0.013456
0.0066487 0.014711 0.0058629 0.0054591 0.94329 0.0024095 0.0024095 0.0059404 0.013271
0.0056154 0.01197 0.0047624 0.004489 0.95512 0.0020181 0.0020181 0.0044771 0.0095289
0.0087731 0.022399 0.0069457 0.0064699 0.92902 0.002927 0.002927 0.006015 0.014525
0.013765 0.034248 0.0086771 0.0083514 0.89969 0.0036449 0.0036449 0.0077242 0.020253
0.0044853 0.0094859 0.0036496 0.003334 0.96769 0.0014516 0.0014516 0.0030356 0.0054207
0.0077238 0.016975 0.0055277 0.0050897 0.94664 0.002115 0.002115 0.0042681 0.0095453
0.0060555 0.0094705 0.0040527 0.0037284 0.96358 0.0015713 0.0015713 0.0032752 0.0066903
0.008972 0.017012 0.0062645 0.0056018 0.93944 0.0023557 0.0023557 0.0051305 0.012869
0.0087332 0.015452 0.0064214 0.005447 0.94225 0.0022971 0.0022971 0.0050889 0.012017
0.010346 0.017175 0.0062166 0.0057174 0.93769 0.0024171 0.0024171 0.0061396 0.011878
0.0058906 0.010436 0.0042315 0.0038936 0.96124 0.0016462 0.0016462 0.0033254 0.0076914
0.0063319 0.012519 0.0045507 0.0042063 0.95639 0.0017772 0.0017772 0.0038233 0.0086248
0.009905 0.017305 0.0058156 0.0052505 0.94028 0.0022184 0.0022184 0.0052485 0.011759
0.0077064 0.018449 0.0055591 0.0051186 0.94537 0.002153 0.002153 0.0044413 0.0090448
0.0081842 0.021532 0.0060603 0.0056204 0.93714 0.0023412 0.0023412 0.0048861 0.011891
0.011068 0.027661 0.0081736 0.0074542 0.91017 0.0031581 0.0031581 0.00711 0.022045
0.0075674 0.017898 0.0057401 0.0052614 0.94283 0.0022192 0.0022192 0.0048292 0.011434
0.0046511 0.0084488 0.0038701 0.0036485 0.96442 0.0015191 0.0015191 0.0032114 0.0087104
0.0058709 0.009609 0.0051397 0.0046131 0.95245 0.001928 0.001928 0.0048726 0.013593
0.0057656 0.0096646 0.005418 0.0046548 0.94995 0.0019605 0.0019605 0.0041308 0.016499
0.022296 0.044456 0.026807 0.019151 0.6561 0.0075874 0.0075874 0.024274 0.19174
0.0089071 0.020911 0.0093474 0.0071459 0.92069 0.0031193 0.0031193 0.0067621 0.020003
0.0067084 0.016141 0.0072294 0.0053461 0.94374 0.0024768 0.0024768 0.0047399 0.011137
0.010591 0.021877 0.0094141 0.0073317 0.92006 0.0033655 0.0033655 0.0069071 0.017091
0.01564 0.023349 0.011005 0.0082473 0.90609 0.0038441 0.0038441 0.0072161 0.020767
0.020562 0.046459 0.014626 0.01141 0.84333 0.0048433 0.0048433 0.0097481 0.044178
0.21449 0.10025 0.024618 0.021728 0.53896 0.0092657 0.0092657 0.018543 0.062888
0.85646 0.024479 0.012201 0.011887 0.049727 0.0059352 0.0059352 0.010974 0.022403
0.8929 0.015205 0.011527 0.011517 0.019722 0.011125 0.011125 0.012469 0.014408
0.84272 0.026605 0.017475 0.017283 0.027773 0.015375 0.015375 0.018162 0.019236
0.89104 0.016558 0.012274 0.012108 0.017893 0.011233 0.011233 0.01339 0.014275
0.85178 0.024258 0.016668 0.01646 0.027451 0.014591 0.014591 0.017332 0.016874
0.91711 0.011497 0.0091631 0.0093232 0.014223 0.0089532 0.0089532 0.010599 0.01018
0.8985 0.021481 0.01086 0.010417 0.022078 0.006405 0.006405 0.009134 0.014717
0.70818 0.071005 0.018671 0.020012 0.11292 0.0082266 0.0082266 0.015738 0.037014
0.11619 0.042301 0.017885 0.015773 0.74548 0.0065806 0.0065806 0.013398 0.035815
0.018683 0.017431 0.0074091 0.0064327 0.92606 0.0027875 0.0027875 0.0056916 0.012717
0.013539 0.013573 0.0074483 0.0062325 0.93083 0.0026518 0.0026518 0.0061087 0.01697
0.0087583 0.014843 0.0058735 0.0047849 0.94826 0.0020335 0.0020335 0.0040079 0.0094041
0.009905 0.015141 0.0087104 0.0064675 0.92181 0.0027556 0.0027556 0.0059486 0.026507
0.0086643 0.016405 0.0087094 0.006913 0.91248 0.0029332 0.0029332 0.0068939 0.034068
0.021547 0.059072 0.020906 0.017158 0.69721 0.0069755 0.0069755 0.020083 0.15007
0.016894 0.023756 0.010975 0.008733 0.88975 0.0036491 0.0036491 0.0083284 0.034264
0.022523 0.053141 0.029444 0.017402 0.73981 0.0070492 0.0070492 0.021525 0.10205
0.024651 0.061423 0.031946 0.019794 0.69994 0.007797 0.007797 0.023709 0.12294
0.024016 0.045491 0.018435 0.015059 0.77206 0.0062427 0.0062427 0.016664 0.095791
0.033357 0.08524 0.040654 0.025683 0.47879 0.010202 0.010202 0.035453 0.28042
0.016807 0.016067 0.0085472 0.0075222 0.91161 0.0031661 0.0031661 0.0080513 0.025067
0.043144 0.023209 0.01296 0.010757 0.85832 0.004544 0.004544 0.010164 0.032359
0.028078 0.025394 0.010524 0.0093678 0.88444 0.0039502 0.0039502 0.0084208 0.025873
0.0065818 0.010818 0.0046841 0.0040646 0.95895 0.0017075 0.0017075 0.0035803 0.0079065
0.0067191 0.021193 0.0062326 0.0055133 0.9376 0.0022886 0.0022886 0.00509 0.013072
0.0072757 0.015023 0.0058387 0.0058559 0.94436 0.0022109 0.0022109 0.0048132 0.012411
0.0078427 0.013813 0.008417 0.0068597 0.92533 0.0027276 0.0027276 0.0066737 0.025608
0.014247 0.026879 0.015867 0.011174 0.83071 0.0045821 0.0045821 0.01002 0.081938
0.016331 0.028513 0.020263 0.01373 0.77911 0.0055559 0.0055559 0.015061 0.11588
0.016224 0.02537 0.018231 0.013855 0.75867 0.0053556 0.0053556 0.012521 0.14442
0.007402 0.011429 0.0072616 0.0061328 0.92949 0.0024653 0.0024653 0.005914 0.027439
0.0052749 0.0091914 0.00486 0.0043231 0.95484 0.0018055 0.0018055 0.0039387 0.01396
0.0089113 0.017347 0.008138 0.0073058 0.90438 0.0029543 0.0029543 0.0065378 0.041467
0.022511 0.036385 0.021573 0.020129 0.66265 0.006863 0.006863 0.018179 0.20484
0.01497 0.024622 0.014764 0.013571 0.8419 0.0046352 0.0046352 0.011711 0.069187
0.017304 0.036945 0.01965 0.01435 0.776 0.0057095 0.0057095 0.016209 0.10812
0.0074239 0.013747 0.0051207 0.0046107 0.95143 0.001946 0.001946 0.0042742 0.0095013
0.0126 0.03574 0.011166 0.0089742 0.88905 0.0037439 0.0037439 0.0075911 0.027387
0.87874 0.01904 0.014429 0.01402 0.019263 0.012372 0.012372 0.014911 0.014855
0.0082341 0.01656 0.0076267 0.0065636 0.91366 0.0027821 0.0027821 0.0057952 0.035994
0.011927 0.024247 0.011195 0.0095549 0.85116 0.0039912 0.0039912 0.0085021 0.075434
0.015135 0.031803 0.014516 0.012135 0.78021 0.0051062 0.0051062 0.013135 0.12285
0.011341 0.022281 0.013188 0.0092125 0.86973 0.0038472 0.0038472 0.0099478 0.056602
0.0064923 0.011554 0.0068023 0.0054752 0.94313 0.0022289 0.0022289 0.005923 0.016162
0.90585 0.023648 0.0093577 0.0092716 0.020117 0.0046614 0.0046614 0.0077468 0.014685
0.014056 0.033024 0.014221 0.012413 0.81866 0.0047769 0.0047769 0.011101 0.086976
0.014276 0.028803 0.019461 0.012668 0.83283 0.0048356 0.0048356 0.012426 0.069861
0.0093373 0.015136 0.0087615 0.007317 0.90855 0.0030433 0.0030433 0.0081717 0.036638
0.0066426 0.011762 0.0066057 0.0055196 0.93809 0.0023037 0.0023037 0.0050667 0.021703
0.0053177 0.012766 0.0043619 0.0040518 0.95806 0.00171 0.00171 0.0034602 0.0085608
0.86014 0.022869 0.016321 0.015811 0.023607 0.014008 0.014008 0.016502 0.016734
0.015208 0.028578 0.016914 0.015377 0.80749 0.0052326 0.0052326 0.013931 0.09204
0.023511 0.043065 0.034785 0.021517 0.6222 0.008062 0.008062 0.02417 0.21463
0.0062305 0.011112 0.0060531 0.0052291 0.94222 0.0021735 0.0021735 0.0046955 0.020115
0.89487 0.015441 0.011344 0.011526 0.018442 0.010941 0.010941 0.012356 0.014139
0.63475 0.12678 0.022966 0.024265 0.099935 0.009263 0.009263 0.018551 0.054227
0.0063312 0.01757 0.0049966 0.0046874 0.9486 0.001973 0.001973 0.0041954 0.0096757
0.020843 0.036675 0.022989 0.016781 0.59824 0.0069345 0.0069345 0.018814 0.27178
0.0094101 0.017022 0.0089506 0.0078613 0.90166 0.0031394 0.0031394 0.0075964 0.041222
0.0061016 0.011311 0.004966 0.0047508 0.95247 0.0020704 0.0020704 0.0045845 0.011674
0.0057328 0.0090379 0.0049633 0.0045952 0.94984 0.0019267 0.0019267 0.0042511 0.017725
0.896 0.015489 0.011936 0.011646 0.0161 0.01082 0.01082 0.013205 0.013988
0.90762 0.014311 0.010703 0.010733 0.013412 0.0097711 0.0097711 0.01137 0.012314
0.92235 0.013709 0.0084458 0.0086322 0.015525 0.0054789 0.0054789 0.0082396 0.012141
0.02579 0.81773 0.012888 0.012491 0.091993 0.0047024 0.0047024 0.0095548 0.020144
0.018739 0.18934 0.013991 0.013156 0.71825 0.0052205 0.0052205 0.010486 0.02559
0.0092568 0.020287 0.0091453 0.0073883 0.90504 0.0031 0.0031 0.0079387 0.034742
0.029434 0.071489 0.046798 0.022565 0.50526 0.0095039 0.0095039 0.027222 0.27822
0.017143 0.032369 0.020684 0.014745 0.80325 0.0055608 0.0055608 0.016339 0.084344
0.0068023 0.011312 0.005731 0.0049343 0.94989 0.0020652 0.0020652 0.0055977 0.011599
0.0055051 0.012197 0.0045137 0.0040448 0.95916 0.0017062 0.0017062 0.0036551 0.0075137
0.0053961 0.0094294 0.0051721 0.0045204 0.95067 0.0018842 0.0018842 0.0037323 0.017307
0.0052334 0.0091518 0.0045601 0.0041008 0.95777 0.0017318 0.0017318 0.004041 0.01168
0.91132 0.012929 0.010086 0.0098532 0.015495 0.0094552 0.0094552 0.010718 0.010688
0.007438 0.01423 0.0061106 0.0050741 0.94519 0.0021541 0.0021541 0.0048058 0.012841
0.0085048 0.016946 0.0079015 0.0068013 0.91726 0.0028301 0.0028301 0.0064791 0.030451
0.010789 0.021016 0.0097734 0.0097732 0.89241 0.0035325 0.0035325 0.0094076 0.039767
0.014231 0.030585 0.012403 0.011219 0.83343 0.0046221 0.0046221 0.011696 0.07719
0.0047573 0.010634 0.0039504 0.0036229 0.96355 0.0015258 0.0015258 0.0032373 0.0071957
0.18832 0.13777 0.0246 0.025772 0.52057 0.0097093 0.0097093 0.019187 0.064362
0.0095244 0.015217 0.009272 0.0070514 0.90762 0.002985 0.002985 0.0074905 0.037853
0.004052 0.0085393 0.0033835 0.0031016 0.97033 0.0013421 0.0013421 0.0027345 0.0051724
0.0083677 0.012153 0.0051237 0.0047402 0.95134 0.0020047 0.0020047 0.0045748 0.0096951
0.0066342 0.012191 0.0046752 0.0043537 0.95614 0.0018356 0.0018356 0.0039597 0.0083746
0.0061748 0.013802 0.0053343 0.0050475 0.94542 0.0021132 0.0021132 0.004533 0.015465
0.010975 0.045197 0.0091992 0.0084797 0.89005 0.0035399 0.0035399 0.0081159 0.020902
0.017401 0.037485 0.01811 0.012984 0.79587 0.005349 0.005349 0.012759 0.09469
0.018802 0.036053 0.026539 0.013851 0.80435 0.0056885 0.0056885 0.015119 0.073906
0.0068744 0.011198 0.0061989 0.0054532 0.93443 0.0022762 0.0022762 0.0053166 0.025972
0.006553 0.013631 0.0061805 0.0053946 0.94514 0.0022144 0.0022144 0.0058363 0.012836
0.0049672 0.010057 0.003942 0.0036619 0.96333 0.0015517 0.0015517 0.0031402 0.007797
0.89534 0.015058 0.012013 0.011561 0.016637 0.010874 0.010874 0.012995 0.014651
0.90336 0.014405 0.010793 0.010488 0.01582 0.010179 0.010179 0.012357 0.012416
0.0085187 0.023567 0.0089308 0.0067377 0.91567 0.0028675 0.0028675 0.0060238 0.024819
0.012429 0.018836 0.017421 0.0094568 0.86262 0.0039619 0.0039619 0.0084665 0.062845
0.015991 0.034044 0.016563 0.013857 0.80628 0.0051992 0.0051992 0.012707 0.090159
0.86676 0.026875 0.011789 0.010823 0.044264 0.0044595 0.0044595 0.0097875 0.020779
0.88399 0.018341 0.014251 0.013376 0.016498 0.011885 0.011885 0.014176 0.0156
0.013784 0.023351 0.015563 0.010207 0.85508 0.0042677 0.0042677 0.0098805 0.063599
0.005785 0.012944 0.0051226 0.0047616 0.95057 0.0019216 0.0019216 0.0039118 0.013065
0.0054692 0.0097954 0.0048055 0.0042648 0.95775 0.0017622 0.0017622 0.0036382 0.010754
0.90304 0.013228 0.010957 0.010612 0.01582 0.010182 0.010182 0.01248 0.013498
0.02598 0.21208 0.014951 0.014519 0.6807 0.0057279 0.0057279 0.011486 0.028828
0.0097251 0.016814 0.012274 0.0082312 0.89406 0.003307 0.003307 0.0070502 0.04523
0.014192 0.025426 0.016594 0.010845 0.82433 0.0045939 0.0045939 0.010621 0.088801
0.014966 0.02506 0.017581 0.01271 0.82649 0.0048196 0.0048196 0.011575 0.081979
0.0060935 0.012664 0.0055314 0.0049852 0.94858 0.0021712 0.0021712 0.0049697 0.012832
0.0057401 0.010773 0.004353 0.0040517 0.96059 0.0016662 0.0016662 0.0034174 0.0077459
0.0054569 0.0096696 0.0040047 0.0037921 0.96249 0.0015918 0.0015918 0.0031966 0.008204
0.0098074 0.019357 0.006504 0.0059652 0.93398 0.0025156 0.0025156 0.0052405 0.014115
0.014561 0.027928 0.019304 0.011068 0.82548 0.0046713 0.0046713 0.010955 0.081362
0.011935 0.018576 0.013044 0.010762 0.87026 0.0039028 0.0039028 0.0090454 0.058569
0.030828 0.020783 0.011198 0.0095511 0.88138 0.0040351 0.0040351 0.0089477 0.029242
0.0064932 0.010692 0.0057199 0.0051826 0.94362 0.0021714 0.0021714 0.0049601 0.018985
0.018096 0.13184 0.011954 0.011 0.78782 0.0045603 0.0045603 0.0093518 0.020816
0.014402 0.025272 0.018738 0.011453 0.86445 0.0043033 0.0043033 0.010829 0.046246
0.012658 0.024716 0.012958 0.018825 0.87442 0.0043679 0.0043679 0.012195 0.035494
0.0043902 0.0077312 0.0036681 0.0034729 0.96645 0.0014644 0.0014644 0.0034423 0.007917
0.90261 0.014416 0.011134 0.010662 0.015179 0.010231 0.010231 0.012363 0.013174
0.016454 0.074695 0.019291 0.012514 0.8088 0.0053005 0.0053005 0.012687 0.04496
0.0065223 0.012459 0.0056494 0.0051918 0.94298 0.0021707 0.0021707 0.0051379 0.017723
0.0069924 0.012972 0.0090755 0.0059407 0.93406 0.0024139 0.0024139 0.0055855 0.020549
0.018274 0.038371 0.026243 0.014286 0.75832 0.0060171 0.0060171 0.014864 0.11761
0.0079637 0.013289 0.0075719 0.0062823 0.92674 0.002659 0.002659 0.006255 0.026578
0.71049 0.10552 0.018887 0.019688 0.069225 0.0082644 0.0082644 0.014962 0.044699
0.014178 0.027427 0.013088 0.011309 0.8357 0.0046023 0.0046023 0.012511 0.07658
0.010101 0.017224 0.010997 0.009107 0.89953 0.0033962 0.0033962 0.009469 0.03678
0.0058269 0.012894 0.0042619 0.004052 0.95813 0.001703 0.001703 0.0034615 0.0079677
0.004491 0.0089839 0.0036715 0.0034007 0.96689 0.0014289 0.0014289 0.0030644 0.0066402
0.0072467 0.0095069 0.0046614 0.004355 0.95545 0.0018307 0.0018307 0.0040224 0.011093
0.0051286 0.010768 0.0042299 0.0038084 0.96149 0.0016115 0.0016115 0.0033009 0.0080473
0.0048868 0.0093166 0.0042122 0.003923 0.95914 0.001658 0.001658 0.0036741 0.011531
0.004559 0.0091365 0.0039874 0.0035837 0.96451 0.0015137 0.0015137 0.0031191 0.0080728
0.0038113 0.0081006 0.0033662 0.0030795 0.9702 0.0012985 0.0012985 0.0027016 0.0061421
0.87017 0.025998 0.012908 0.012229 0.029118 0.0070919 0.0070919 0.013426 0.021971
0.0055476 0.01052 0.0048966 0.0050771 0.95566 0.0018345 0.0018345 0.0042825 0.01035
0.0086493 0.010433 0.0057948 0.0051939 0.94649 0.0021756 0.0021756 0.0049142 0.014175
0.009111 0.014028 0.0097861 0.007137 0.90884 0.0030358 0.0030358 0.0072384 0.037784
0.0091074 0.024057 0.0086806 0.0065284 0.91885 0.00284 0.00284 0.0069856 0.020115
0.0085586 0.012779 0.0063066 0.0052692 0.94226 0.0022287 0.0022287 0.0052306 0.015142
0.0094614 0.033361 0.0068324 0.0063929 0.91841 0.0026716 0.0026716 0.0060056 0.014198
0.0071052 0.010352 0.004912 0.0046153 0.95145 0.0019227 0.0019227 0.004374 0.013346
0.0098052 0.016937 0.0069745 0.0065951 0.92858 0.0026619 0.0026619 0.0065276 0.019254
0.015971 0.027729 0.01367 0.012233 0.79864 0.0049761 0.0049761 0.014389 0.10741
0.0080602 0.01405 0.0086158 0.0066574 0.92728 0.0026786 0.0026786 0.006881 0.023098
0.018499 0.046525 0.01773 0.017992 0.77732 0.0059559 0.0059559 0.01352 0.096504
0.0054769 0.010674 0.0056371 0.0045875 0.95283 0.0019194 0.0019194 0.0044664 0.01249
0.0057495 0.010037 0.0049018 0.0045597 0.95399 0.0019016 0.0019016 0.0053354 0.011622
0.0053988 0.0095826 0.0038266 0.0036325 0.96392 0.0015369 0.0015369 0.0032627 0.0073007
0.0099656 0.032186 0.0072116 0.0066654 0.91547 0.0028233 0.0028233 0.0054998 0.01735
0.61952 0.073467 0.021596 0.020553 0.17679 0.0084101 0.0084101 0.02043 0.05083
0.0084128 0.012693 0.0062899 0.0054796 0.94097 0.0023079 0.0023079 0.004936 0.016601
0.023307 0.097686 0.015138 0.016734 0.78564 0.0057651 0.0057651 0.012509 0.037459
0.0084919 0.015349 0.0088639 0.006943 0.91418 0.002833 0.002833 0.0074457 0.033056
0.0094831 0.017972 0.0090004 0.0071634 0.90862 0.0030443 0.0030443 0.0070944 0.034582
0.0089556 0.012309 0.0070425 0.0059026 0.93491 0.0024646 0.0024646 0.0056888 0.020266
0.01106 0.025838 0.0099526 0.0086108 0.89233 0.0035782 0.0035782 0.009397 0.035653
0.0072248 0.013334 0.0051544 0.0047344 0.94986 0.0019746 0.0019746 0.0038506 0.01189
0.011895 0.80725 0.010325 0.0097797 0.12795 0.0041041 0.0041041 0.0083763 0.016209
0.0094612 0.013865 0.0086755 0.0067471 0.9239 0.0027086 0.0027086 0.0064132 0.025518
0.015518 0.023297 0.013313 0.010575 0.84066 0.0044058 0.0044058 0.0099859 0.077842
0.0098709 0.017819 0.010199 0.0074576 0.91354 0.0030325 0.0030325 0.0067274 0.028319
0.011525 0.014446 0.0086842 0.0071944 0.91501 0.0029933 0.0029933 0.0063469 0.030808
0.0040842 0.0080159 0.0034861 0.0034159 0.96675 0.0014174 0.0014174 0.0037886 0.0076259
0.0055887 0.013901 0.004558 0.0041512 0.95719 0.0018379 0.0018379 0.0035319 0.0074077
0.0046762 0.0075756 0.0036892 0.0034999 0.96612 0.0014702 0.0014702 0.00305 0.008445
0.0043826 0.0095752 0.0037632 0.0034846 0.9657 0.0014649 0.0014649 0.0030043 0.0071598
0.0094108 0.89619 0.0078691 0.0074087 0.055674 0.0029847 0.0029847 0.0058543 0.011624
0.0087419 0.039023 0.0079934 0.0066689 0.91129 0.0027805 0.0027805 0.0058227 0.014897
0.015672 0.04133 0.010842 0.011381 0.86644 0.00414 0.00414 0.0091989 0.036855
0.010369 0.015305 0.0079828 0.0065613 0.92098 0.002781 0.002781 0.0067257 0.026518
0.010141 0.019693 0.0075623 0.0065876 0.92177 0.0027487 0.0027487 0.0060675 0.022684
0.017847 0.031871 0.0095059 0.0083837 0.89749 0.0034765 0.0034765 0.0078933 0.020057
0.025296 0.021281 0.012108 0.0095777 0.87984 0.0040257 0.0040257 0.0095269 0.03432
0.021996 0.018295 0.0099715 0.0085569 0.89474 0.0036078 0.0036078 0.0079323 0.031289
0.0054123 0.009353 0.0041558 0.0040348 0.95987 0.0016879 0.0016879 0.0034255 0.01037
0.0069142 0.013403 0.0052873 0.0051921 0.94656 0.0021018 0.0021018 0.0044504 0.013992
0.011996 0.014604 0.008253 0.0071954 0.91867 0.0030269 0.0030269 0.0074971 0.025732
0.0052011 0.0090821 0.0043666 0.0041552 0.95653 0.0017505 0.0017505 0.0038276 0.013337
0.0097828 0.021111 0.0067203 0.0062666 0.93022 0.0025618 0.0025618 0.006763 0.014008
0.0039357 0.0075254 0.0036656 0.003297 0.96959 0.0014248 0.0014248 0.0028246 0.0063112
0.0052714 0.0089146 0.0039333 0.0038064 0.96224 0.0015986 0.0015986 0.0032583 0.0093769
0.0077876 0.012641 0.0065184 0.0059546 0.93161 0.0025022 0.0025022 0.0054826 0.025
0.0062351 0.016165 0.0054066 0.0048793 0.94805 0.0020623 0.0020623 0.0044931 0.010642
0.015511 0.89611 0.0086362 0.010035 0.040061 0.0036821 0.0036821 0.0069527 0.015334
0.011243 0.016596 0.0085847 0.0069211 0.92388 0.0028822 0.0028822 0.0080505 0.018963
0.0050033 0.0081505 0.003992 0.0038757 0.96312 0.0016126 0.0016126 0.0039864 0.0086434
0.9024 0.014613 0.010465 0.011113 0.014545 0.010173 0.010173 0.012834 0.013682
0.018772 0.22728 0.01636 0.016585 0.65319 0.0062328 0.0062328 0.014683 0.040663
0.0082138 0.022139 0.0074277 0.0082892 0.92481 0.0027503 0.0027503 0.0065221 0.0171
0.0046368 0.0087087 0.0040149 0.0037257 0.96383 0.0015599 0.0015599 0.0036703 0.008295
0.0064458 0.013009 0.0050246 0.0047166 0.95071 0.0019873 0.0019873 0.004205 0.011915
0.0051735 0.0098577 0.0043055 0.0039463 0.95997 0.0016823 0.0016823 0.003514 0.0098717
0.015088 0.016001 0.0084097 0.0072911 0.91882 0.0029961 0.0029961 0.0076165 0.020783
0.015399 0.067524 0.014375 0.013181 0.84169 0.0046228 0.0046228 0.012297 0.026286
0.024157 0.024549 0.012567 0.010892 0.85485 0.0045871 0.0045871 0.011376 0.052436
0.0093434 0.013461 0.0076175 0.0064444 0.92753 0.0027228 0.0027228 0.0071969 0.022965
0.0051444 0.011538 0.0046555 0.0042483 0.95435 0.0017953 0.0017953 0.0039401 0.012532
0.017019 0.018859 0.010763 0.0092016 0.88015 0.0038622 0.0038622 0.0090313 0.047255
0.0044349 0.0080285 0.0039313 0.0036684 0.96554 0.0015915 0.0015915 0.0036991 0.0075119
0.005517 0.0094954 0.0043784 0.0039706 0.96016 0.0016782 0.0016782 0.0033012 0.0098258
0.005236 0.012301 0.0044892 0.0040938 0.95803 0.001729 0.001729 0.0036623 0.0087297
0.0093716 0.91667 0.0069725 0.0069426 0.037978 0.0028408 0.0028408 0.0054372 0.010951
0.0064982 0.93934 0.0055183 0.0052323 0.025578 0.0021793 0.0021793 0.0044108 0.0090637
0.0066053 0.93325 0.0058834 0.0056965 0.029936 0.0022996 0.0022996 0.0046908 0.009339
0.040334 0.024301 0.012972 0.011014 0.85174 0.0046435 0.0046435 0.010135 0.040212
0.0042368 0.0068415 0.0035246 0.0032105 0.9689 0.0013584 0.0013584 0.0027304 0.0078389
0.0070068 0.016468 0.0056898 0.0053897 0.9408 0.0022654 0.0022654 0.0046782 0.015436
0.0067049 0.014078 0.0066984 0.0048797 0.94908 0.002056 0.002056 0.0043766 0.01007
0.032785 0.76029 0.016018 0.016684 0.11877 0.0072167 0.0072167 0.01269 0.028327
0.017795 0.019065 0.011052 0.0093476 0.87772 0.0039525 0.0039525 0.0096285 0.047482
0.0078418 0.014453 0.0065192 0.0073316 0.9379 0.0024367 0.0024367 0.0073836 0.013695
0.004049 0.0069067 0.0033597 0.0031429 0.97025 0.0013196 0.0013196 0.0026645 0.0069903
0.017088 0.015134 0.0082328 0.0077587 0.91072 0.0032313 0.0032313 0.007191 0.02741
0.0045326 0.0093481 0.0039255 0.003705 0.96266 0.0015597 0.0015597 0.0032607 0.0094461
0.005151 0.011556 0.0044782 0.0041349 0.95845 0.0017164 0.0017164 0.0034859 0.0093075
0.057988 0.038197 0.012784 0.011842 0.82988 0.0049973 0.0049973 0.0094151 0.029895
0.8473 0.032851 0.0129 0.012166 0.044099 0.0049264 0.0049264 0.010547 0.030284
0.9166 0.01178 0.0097238 0.0098564 0.012806 0.0089531 0.0089531 0.010289 0.01104
0.70495 0.073624 0.030078 0.028315 0.05073 0.024948 0.024948 0.027546 0.034863
0.059397 0.17957 0.022785 0.024174 0.62899 0.011495 0.011495 0.019662 0.042432
0.015363 0.020834 0.010465 0.0087338 0.89454 0.0036626 0.0036626 0.0080831 0.034653
0.013223 0.015256 0.0093488 0.0070264 0.92346 0.0029601 0.0029601 0.0074686 0.018297
0.02548 0.039531 0.016885 0.013433 0.81544 0.0055687 0.0055687 0.014748 0.063347
0.013944 0.032405 0.010589 0.0088901 0.8921 0.003578 0.003578 0.0083142 0.026599
0.0049339 0.010511 0.0046948 0.0043034 0.95934 0.0018139 0.0018139 0.0044622 0.0081224
0.007354 0.012123 0.0061939 0.0054493 0.93879 0.0022788 0.0022788 0.0047015 0.02083
0.94349 0.0094848 0.0062009 0.0063672 0.0068127 0.0062293 0.0062293 0.0075255 0.0076641
0.054314 0.047568 0.018777 0.018004 0.7045 0.0087593 0.0087593 0.015794 0.12352
0.012557 0.020813 0.0081407 0.0082078 0.9142 0.003095 0.003095 0.0070245 0.022864
0.011647 0.013622 0.0082364 0.0065451 0.92777 0.0027328 0.0027328 0.0060985 0.020619
0.064405 0.11566 0.028877 0.032285 0.65115 0.0095592 0.0095592 0.021799 0.066716
0.0054863 0.011815 0.0047002 0.0045117 0.9539 0.0018545 0.0018545 0.0037641 0.012115
0.86429 0.017642 0.018731 0.013412 0.026336 0.012959 0.012959 0.015138 0.018537
0.0094309 0.012921 0.0062685 0.0053918 0.94212 0.0022616 0.0022616 0.0053635 0.013979
0.012502 0.019048 0.0079125 0.0068599 0.92119 0.0028175 0.0028175 0.0067528 0.0201
0.011361 0.019192 0.0089644 0.0079116 0.9038 0.0032961 0.0032961 0.0070987 0.035085
0.0042772 0.0071388 0.00335 0.0031818 0.9692 0.0013502 0.0013502 0.0027731 0.0073778
0.0048845 0.01086 0.0041899 0.0038388 0.9609 0.0016165 0.0016165 0.0033815 0.0087108
0.0071463 0.92313 0.0064294 0.0060246 0.037103 0.0024778 0.0024778 0.0053336 0.0098807
0.0057609 0.010292 0.0051991 0.0046419 0.95504 0.00185 0.00185 0.0045512 0.01082
0.86255 0.019515 0.019016 0.013424 0.023335 0.013175 0.013175 0.017256 0.018557
0.6035 0.060476 0.030325 0.030391 0.1278 0.029316 0.029316 0.032857 0.056026
0.011936 0.013308 0.006966 0.0062232 0.93205 0.0026311 0.0026311 0.0065186 0.017741
0.004887 0.0095395 0.0041691 0.0039565 0.95931 0.001673 0.001673 0.0034752 0.011321
0.0083311 0.01472 0.0057346 0.0055509 0.9434 0.002249 0.002249 0.0050941 0.012668
0.0045927 0.0097919 0.0039746 0.0036575 0.96343 0.0015233 0.0015233 0.0031625 0.0083413
0.91513 0.016968 0.0095166 0.0084672 0.019687 0.0046534 0.0046534 0.0078623 0.013057
0.013872 0.78671 0.014297 0.012463 0.1298 0.00493 0.00493 0.010902 0.022094
0.016147 0.77759 0.015651 0.012994 0.13015 0.0053431 0.0053431 0.012657 0.024128
0.0051505 0.00969 0.0048615 0.0041594 0.95965 0.0018066 0.0018066 0.0040013 0.0088771
0.0060789 0.010787 0.0051388 0.004729 0.95079 0.0019988 0.0019988 0.0042904 0.014188
0.0055159 0.0098571 0.0046215 0.0043825 0.95484 0.0018429 0.0018429 0.0038379 0.013255
0.0054213 0.010304 0.0044358 0.0041155 0.95855 0.0017244 0.0017244 0.0036438 0.010084
0.0055326 0.011673 0.0047066 0.0044137 0.95419 0.0018512 0.0018512 0.0037947 0.01199
0.0045693 0.0083588 0.0038189 0.0035361 0.96497 0.0015026 0.0015026 0.0031461 0.0085907
0.0048865 0.010686 0.0043367 0.0038804 0.96109 0.0016245 0.0016245 0.0033917 0.0084824
0.0040968 0.0092071 0.0038574 0.0033234 0.96756 0.001383 0.001383 0.0029347 0.0062578
0.69278 0.042174 0.025977 0.025932 0.091761 0.02411 0.02411 0.028759 0.044398
0.0056278 0.94674 0.0049455 0.0048016 0.021592 0.0019826 0.0019826 0.0040927 0.0082362
0.017243 0.6126 0.015248 0.0176 0.2812 0.0060521 0.0060521 0.015399 0.028608
0.0052638 0.012737 0.0044698 0.004203 0.95667 0.0017629 0.0017629 0.0037024 0.0094307
0.0052748 0.010589 0.0044337 0.0041368 0.95798 0.0017325 0.0017325 0.0034246 0.010701
0.0055635 0.01331 0.0049496 0.0043908 0.95393 0.0018394 0.0018394 0.003769 0.010408
0.0090093 0.023041 0.0068704 0.0071928 0.92679 0.0026713 0.0026713 0.0053571 0.016392
0.012813 0.015485 0.0081849 0.0072178 0.91871 0.0030262 0.0030262 0.0081204 0.023413
0.02064 0.41643 0.021304 0.020497 0.44613 0.0070623 0.0070623 0.015725 0.045146
0.0092828 0.012851 0.0061769 0.0056251 0.94033 0.0023583 0.0023583 0.0048478 0.016173
0.011237 0.01363 0.0068458 0.0064608 0.92645 0.0027052 0.0027052 0.0058133 0.024152
0.014282 0.081988 0.010348 0.0097174 0.8462 0.0040515 0.0040515 0.0084834 0.02088
0.015022 0.028698 0.0082423 0.007994 0.90412 0.0032796 0.0032796 0.0084426 0.020921
0.019163 0.61908 0.018589 0.016037 0.26605 0.0065306 0.0065306 0.015178 0.032842
0.0071943 0.0077392 0.0042762 0.0039401 0.96057 0.0016668 0.0016668 0.0035285 0.0094198
0.0073688 0.016948 0.0063623 0.006205 0.93436 0.0026107 0.0026107 0.0058678 0.017664
0.0048359 0.0089047 0.0037663 0.0035048 0.96531 0.0014932 0.0014932 0.0029176 0.007778
0.0042371 0.0084111 0.0036888 0.0033987 0.96682 0.0014354 0.0014354 0.0030163 0.0075596
0.72741 0.040627 0.024337 0.024182 0.077899 0.022129 0.022129 0.022863 0.038426
0.0067302 0.93855 0.0058592 0.0056884 0.024099 0.0022888 0.0022888 0.0045763 0.0099238
0.0071172 0.93735 0.0057585 0.0055107 0.025058 0.0022853 0.0022853 0.0047143 0.0099203
0.022394 0.5747 0.023314 0.025976 0.27218 0.0076365 0.0076365 0.016739 0.049417
0.032433 0.056206 0.016423 0.014859 0.82018 0.0056268 0.0056268 0.013188 0.035452
0.04825 0.052217 0.018027 0.015254 0.80295 0.0061283 0.0061283 0.014564 0.03648
0.0057673 0.013914 0.0049829 0.0045634 0.95137 0.00192 0.00192 0.0036634 0.0119
0.0053548 0.0095188 0.0042095 0.0039424 0.96097 0.0016552 0.0016552 0.0032792 0.0094194
0.0056581 0.010033 0.0044167 0.0041964 0.95798 0.001764 0.001764 0.0036476 0.010544
0.0070169 0.0097918 0.0050264 0.0046218 0.95155 0.0019457 0.0019457 0.0042217 0.013876
0.84809 0.018379 0.022909 0.014183 0.024057 0.014126 0.014126 0.01891 0.02522
0.016108 0.015277 0.0083789 0.0076029 0.9113 0.0031923 0.0031923 0.0077852 0.027161
0.0061985 0.93735 0.0054066 0.0053418 0.028428 0.0021765 0.0021765 0.0043743 0.0085436
0.012997 0.017822 0.0087406 0.0081065 0.90035 0.003412 0.003412 0.0075849 0.037574
0.015423 0.021696 0.008583 0.0080078 0.90679 0.0032135 0.0032135 0.006894 0.026182
0.016022 0.79551 0.014817 0.013215 0.11523 0.0051431 0.0051431 0.011721 0.023197
0.044012 0.027863 0.013648 0.012198 0.83873 0.0051333 0.0051333 0.011273 0.042013
0.0066726 0.010129 0.0059638 0.005343 0.93939 0.0022246 0.0022246 0.0059576 0.022098
0.0060115 0.0099651 0.0056128 0.004747 0.95359 0.0019047 0.0019047 0.0053488 0.01092
0.0045816 0.0093846 0.0041949 0.0038126 0.96299 0.0016734 0.0016734 0.0034546 0.0082309
0.005694 0.012772 0.0045347 0.0042572 0.95601 0.0017828 0.0017828 0.003579 0.0095838
0.0066102 0.011818 0.0054226 0.0050863 0.94329 0.0021682 0.0021682 0.0042564 0.019179
0.75157 0.037561 0.02598 0.018947 0.089783 0.0099907 0.0099907 0.01906 0.037116
0.01418 0.8131 0.012268 0.013265 0.10692 0.0047753 0.0047753 0.010004 0.020706
0.01181 0.024547 0.0076487 0.0070254 0.91631 0.002931 0.002931 0.0060008 0.020799
0.0066853 0.011126 0.0056318 0.0053436 0.94185 0.0022189 0.0022189 0.0048223 0.0201
0.0045246 0.0077558 0.0039347 0.0037093 0.9643 0.0015432 0.0015432 0.0031153 0.0095782
0.0048427 0.010243 0.0040423 0.0037941 0.96209 0.0015887 0.0015887 0.0032961 0.0085154
0.0074736 0.92497 0.0067874 0.0075963 0.031796 0.0026452 0.0026452 0.0052857 0.010801
0.010124 0.022036 0.0082404 0.0070484 0.91707 0.0029637 0.0029637 0.0080232 0.021525
0.0048044 0.008289 0.004267 0.0036736 0.96414 0.0015309 0.0015309 0.0035144 0.0082526
0.0047606 0.0092044 0.0042541 0.003828 0.96184 0.0016043 0.0016043 0.003483 0.0094189
0.0065059 0.011442 0.0053398 0.0045933 0.95205 0.0019412 0.0019412 0.0043757 0.011811
0.0063868 0.013802 0.0056144 0.0052319 0.94343 0.0021951 0.0021951 0.0045797 0.016569
0.0069202 0.01315 0.0058675 0.0051919 0.94524 0.0021631 0.0021631 0.0046195 0.014688
0.017694 0.11344 0.013704 0.012857 0.78707 0.0051302 0.0051302 0.010985 0.033996
0.013965 0.015171 0.0084905 0.0073591 0.91428 0.0030941 0.0030941 0.0067602 0.027785
0.013515 0.016405 0.0083025 0.0074035 0.91296 0.0031069 0.0031069 0.0073361 0.027859
0.012031 0.012228 0.0069373 0.0062668 0.93139 0.0026399 0.0026399 0.0069026 0.018968
0.011764 0.82215 0.010175 0.010164 0.11371 0.0039089 0.0039089 0.0078086 0.016414
0.0069954 0.011554 0.0053067 0.0048621 0.94863 0.0020316 0.0020316 0.0042095 0.014381
0.0065083 0.010958 0.0062947 0.0054604 0.94369 0.0021724 0.0021724 0.0055584 0.017187
0.0043634 0.010214 0.0041083 0.003676 0.96455 0.0016463 0.0016463 0.0032049 0.0065914
0.0055116 0.010978 0.0047631 0.0045159 0.95302 0.001887 0.001887 0.0041188 0.013316
0.0045602 0.0096976 0.0039234 0.0035888 0.9642 0.0015138 0.0015138 0.0031384 0.0078634
0.0057878 0.012303 0.0051129 0.0047024 0.95113 0.0019582 0.0019582 0.004094 0.012954
0.0046076 0.0098213 0.0040796 0.0038126 0.96119 0.001616 0.001616 0.003349 0.0099054
0.012523 0.86764 0.010149 0.010931 0.062541 0.0039511 0.0039511 0.0083197 0.019994
0.00485 0.011211 0.0043243 0.0040292 0.95898 0.0016643 0.0016643 0.0035365 0.0097418
0.046299 0.033604 0.014295 0.013096 0.82889 0.0066687 0.0066687 0.011608 0.038869
0.067863 0.091766 0.022587 0.021466 0.68929 0.010163 0.010163 0.019256 0.067447
0.018959 0.10497 0.014488 0.012878 0.7916 0.0051201 0.0051201 0.010861 0.036003
0.0049048 0.0098279 0.0040941 0.0039363 0.95972 0.0016563 0.0016563 0.0035556 0.010647
0.0050171 0.0090489 0.0047283 0.0040668 0.95796 0.0017173 0.0017173 0.0034473 0.012301
0.58982 0.049633 0.038842 0.033024 0.10744 0.030885 0.030885 0.036125 0.083347
0.028444 0.70605 0.023024 0.020212 0.14068 0.0074652 0.0074652 0.01732 0.049342
0.010862 0.86947 0.010573 0.0090017 0.064625 0.0037176 0.0037176 0.0081188 0.019915
0.0067717 0.93608 0.0059677 0.0056441 0.027203 0.0022577 0.0022577 0.0046612 0.0091586
0.012438 0.012593 0.0088506 0.0063359 0.93115 0.0026621 0.0026621 0.0056362 0.017676
0.0049559 0.010062 0.0041843 0.0039129 0.96189 0.0017156 0.0017156 0.0033729 0.0081933
0.005134 0.0087037 0.0045442 0.0041206 0.95821 0.0017228 0.0017228 0.0034785 0.012366
0.0067142 0.013448 0.0051546 0.0048173 0.94882 0.0020359 0.0020359 0.0041791 0.012799
0.0046262 0.0082744 0.0038823 0.0035929 0.96458 0.0015107 0.0015107 0.0031123 0.0089095
0.032267 0.084714 0.018847 0.019129 0.75955 0.0094134 0.0094134 0.014875 0.051794
0.018646 0.60793 0.015685 0.014873 0.28149 0.0061169 0.0061169 0.012441 0.036701
0.019491 0.03827 0.010028 0.0097911 0.87895 0.0038609 0.0038609 0.0078615 0.027884
0.0085109 0.9141 0.0073144 0.0065434 0.039617 0.0027539 0.0027539 0.0057032 0.012705
0.0060548 0.01062 0.0048095 0.00444 0.95313 0.0018695 0.0018695 0.0038803 0.013325
0.01228 0.014029 0.0068721 0.0065055 0.92737 0.0027552 0.0027552 0.0060541 0.021378
0.035343 0.040464 0.014992 0.012537 0.84004 0.0051923 0.0051923 0.011269 0.034975
0.0059229 0.0099329 0.0049314 0.0044922 0.95389 0.0018881 0.0018881 0.0042312 0.012824
0.0049619 0.010757 0.0042559 0.003949 0.95979 0.0016664 0.0016664 0.0033182 0.0096349
0.012928 0.047822 0.0093933 0.008879 0.88471 0.0035373 0.0035373 0.0071195 0.022077
0.011082 0.060776 0.009489 0.0087242 0.87532 0.003523 0.003523 0.0071793 0.020384
0.0088147 0.91195 0.0078612 0.0082347 0.036872 0.003049 0.003049 0.0061924 0.01398
0.0061236 0.010401 0.0057832 0.0050002 0.94496 0.0020987 0.0020987 0.004428 0.019105
0.0071117 0.012519 0.0053827 0.005055 0.94661 0.0021007 0.0021007 0.0047258 0.014393
0.0051318 0.0101 0.0045693 0.004117 0.95803 0.0017425 0.0017425 0.0038083 0.010763
0.0046643 0.0083619 0.0040887 0.003739 0.96271 0.0015734 0.0015734 0.0032894 0.0099961
0.036678 0.090777 0.015919 0.017798 0.77742 0.0061389 0.0061389 0.015518 0.033609
0.0079474 0.90928 0.0073303 0.007109 0.045168 0.0028348 0.0028348 0.0057235 0.011774
0.010433 0.84456 0.0095437 0.0089907 0.095818 0.0036977 0.0036977 0.0072939 0.015965
0.0052082 0.010024 0.0044509 0.0041424 0.95924 0.0018247 0.0018247 0.0040767 0.0092065
0.0071429 0.014249 0.0052847 0.0051223 0.947 0.0021164 0.0021164 0.0046189 0.012345
0.0056132 0.010128 0.0047275 0.004175 0.95758 0.001766 0.001766 0.0035978 0.010647
0.005876 0.01071 0.004917 0.0046057 0.95221 0.0019338 0.0019338 0.0039155 0.013899
0.7179 0.051022 0.026114 0.024238 0.066406 0.022978 0.022978 0.025136 0.043232
0.03649 0.062924 0.026336 0.025242 0.72504 0.022968 0.022968 0.025268 0.05276
0.013834 0.82184 0.012598 0.013476 0.092954 0.0048212 0.0048212 0.0095516 0.026099
0.0059557 0.011303 0.0046595 0.0043075 0.95623 0.0018985 0.0018985 0.0041152 0.009634
0.008614 0.01848 0.0075663 0.0064035 0.92879 0.0026578 0.0026578 0.0054859 0.019342
0.006831 0.014691 0.0051745 0.0047947 0.94965 0.0020187 0.0020187 0.0042668 0.010553
0.019323 0.70085 0.018973 0.017787 0.17135 0.006651 0.006651 0.016629 0.041787
0.023711 0.45962 0.025654 0.018533 0.39278 0.0076827 0.0076827 0.017635 0.046696
0.0054953 0.009554 0.0049775 0.004436 0.95376 0.0018527 0.0018527 0.0036492 0.014419
0.0050422 0.011442 0.0042481 0.004088 0.95854 0.001721 0.001721 0.0038688 0.0093316
0.0080445 0.016237 0.006237 0.0060598 0.93485 0.0025302 0.0025302 0.0052902 0.018219
0.88973 0.01353 0.015506 0.011411 0.015463 0.010822 0.010822 0.011849 0.020864
0.0090483 0.89248 0.0081395 0.0082455 0.056736 0.0031272 0.0031272 0.0060556 0.013038
0.0079829 0.90995 0.0070966 0.0067833 0.045128 0.0028004 0.0028004 0.0055827 0.011871
0.0049805 0.0089553 0.0044244 0.0039411 0.96058 0.00167 0.00167 0.0037031 0.010075
0.0060368 0.011354 0.0052293 0.004571 0.95301 0.0019265 0.0019265 0.0039722 0.011976
0.0061103 0.010614 0.0050918 0.0046125 0.95093 0.0019479 0.0019479 0.0040185 0.014723
0.0092452 0.015471 0.0070171 0.0064667 0.92638 0.0030382 0.0030382 0.0055238 0.023824
0.010362 0.064804 0.0089404 0.0084085 0.87768 0.0033593 0.0033593 0.0070583 0.016032
0.0059215 0.013202 0.005221 0.0045668 0.95173 0.0019265 0.0019265 0.0040295 0.01148
0.012235 0.035555 0.0096856 0.01048 0.89544 0.0035339 0.0035339 0.0084278 0.021108
0.0044609 0.0096857 0.0040216 0.0036767 0.96278 0.0015289 0.0015289 0.0032532 0.0090651
0.005125 0.0091291 0.0040467 0.0037892 0.96248 0.0015885 0.0015885 0.0030675 0.0091821
0.0079365 0.017697 0.0069051 0.0063758 0.92714 0.0026558 0.0026558 0.0053798 0.023257
0.011355 0.012794 0.0064708 0.0061442 0.93231 0.0025592 0.0025592 0.0056918 0.020114
0.0069106 0.011385 0.0054199 0.0051412 0.94382 0.0021576 0.0021576 0.005016 0.017989
0.0043614 0.008977 0.0036778 0.0034342 0.96637 0.0014497 0.0014497 0.0029953 0.0072874
0.0058123 0.94993 0.0051405 0.0049738 0.017333 0.001975 0.001975 0.003976 0.0088886
0.029829 0.54576 0.021022 0.021792 0.30138 0.0078078 0.0078078 0.018329 0.046267
0.0095035 0.85866 0.0092434 0.0083771 0.085833 0.0034585 0.0034585 0.0073467 0.014122
0.0076239 0.92168 0.0067563 0.006667 0.034854 0.0026468 0.0026468 0.005179 0.011951
0.039137 0.05826 0.022021 0.02178 0.74321 0.021454 0.021454 0.023761 0.048929
0.014615 0.027149 0.0073741 0.0067903 0.9169 0.0028775 0.0028775 0.0059799 0.015438
0.0060955 0.010252 0.0050945 0.0048402 0.94816 0.0020354 0.0020354 0.0042193 0.017267
0.0087249 0.017347 0.0081293 0.0071703 0.92163 0.0028646 0.0028646 0.0068461 0.024426
0.77253 0.027596 0.025602 0.019641 0.061745 0.019361 0.019361 0.02061 0.033556
0.83669 0.024663 0.018802 0.01447 0.033017 0.014733 0.014733 0.017729 0.025167
0.0068381 0.93614 0.0060904 0.0061416 0.024305 0.0023846 0.0023846 0.0049038 0.010815
0.0050369 0.0093457 0.0040652 0.0036612 0.96323 0.0015254 0.0015254 0.0029648 0.008641
0.0074936 0.02244 0.0077044 0.0062145 0.92745 0.0025945 0.0025945 0.0062962 0.017214
0.0070066 0.014071 0.0063593 0.0057664 0.93641 0.002401 0.002401 0.0062558 0.019327
0.0051493 0.0092485 0.0045643 0.0042398 0.95813 0.00184 0.00184 0.0039388 0.011054
0.0043896 0.0086939 0.0043315 0.0037097 0.96469 0.0016157 0.0016157 0.0034353 0.0075187
0.0043304 0.0081916 0.0038599 0.0035468 0.9653 0.0014824 0.0014824 0.0031062 0.0087002
0.718 0.041603 0.025992 0.024004 0.068897 0.023019 0.023019 0.02895 0.046512
0.0082265 0.92479 0.0070321 0.0066173 0.03115 0.0026218 0.0026218 0.0053296 0.011613
0.0062073 0.017343 0.0056268 0.0052044 0.94407 0.0022567 0.0022567 0.0046316 0.012406
0.0056193 0.014717 0.0047024 0.0045068 0.95351 0.0019306 0.0019306 0.0038282 0.0092519
0.0075624 0.013281 0.0055675 0.0051972 0.94276 0.0021831 0.0021831 0.004382 0.016885
0.0068625 0.012383 0.0052764 0.0050867 0.94569 0.0021188 0.0021188 0.004436 0.016025
0.0068671 0.013277 0.0054181 0.0050774 0.94821 0.0021025 0.0021025 0.004559 0.012382
0.52618 0.054766 0.033037 0.029035 0.20623 0.019987 0.019987 0.031208 0.079563
0.14869 0.039699 0.027698 0.027157 0.62261 0.026806 0.026806 0.030295 0.050236
0.025816 0.33756 0.019715 0.019553 0.52797 0.012938 0.012938 0.017551 0.025962
0.013982 0.057499 0.010225 0.0096824 0.86831 0.0039973 0.0039973 0.008259 0.024047
0.008607 0.046095 0.0071417 0.0066301 0.90671 0.0028087 0.0028087 0.0068822 0.012319
0.0052349 0.010451 0.0044356 0.0041735 0.95597 0.0017581 0.0017581 0.0038504 0.012367
0.0052097 0.010141 0.0047042 0.0042121 0.9559 0.001773 0.001773 0.0041006 0.012189
0.0065548 0.017239 0.0062225 0.0056408 0.94064 0.0024969 0.0024969 0.0051901 0.013515
0.64622 0.052554 0.034147 0.028996 0.057492 0.027266 0.027266 0.031809 0.094249
0.0074329 0.92446 0.0064559 0.0062118 0.034289 0.0025379 0.0025379 0.0050967 0.010974
0.0069463 0.012295 0.0056104 0.0051543 0.94534 0.0021339 0.0021339 0.0052072 0.015178
0.004484 0.0087878 0.0039873 0.003651 0.96361 0.0015406 0.0015406 0.0031224 0.0092728
0.0050309 0.0098703 0.0044647 0.0040984 0.95792 0.0017318 0.0017318 0.0035762 0.011579
0.022406 0.037266 0.013906 0.012627 0.83387 0.0052491 0.0052491 0.012378 0.057047
0.0074425 0.92724 0.0064055 0.0061218 0.032347 0.0024825 0.0024825 0.0050112 0.010467
0.0061028 0.01104 0.0053779 0.0049904 0.94438 0.0021097 0.0021097 0.0043971 0.01949
0.0050254 0.0088534 0.0044123 0.0041187 0.95824 0.0017207 0.0017207 0.0038576 0.01205
0.0058053 0.00966 0.0050905 0.0044044 0.95564 0.001866 0.001866 0.0043255 0.011347
0.0072846 0.016759 0.0064192 0.0058031 0.93485 0.002438 0.002438 0.0052462 0.018767
0.0060087 0.011266 0.005089 0.0047588 0.94841 0.0020109 0.0020109 0.0040958 0.016351
0.016514 0.012212 0.0064064 0.0059178 0.9347 0.0024941 0.0024941 0.0055535 0.013711
0.0049674 0.011527 0.004459 0.004121 0.95944 0.0017005 0.0017005 0.0039572 0.0081297
0.0063348 0.01627 0.0056296 0.0052172 0.94278 0.0022264 0.0022264 0.004818 0.014501
0.0052826 0.0097336 0.0045864 0.0042806 0.95413 0.0018577 0.0018577 0.0036478 0.014619
0.0053867 0.95164 0.0051285 0.0052043 0.016081 0.001899 0.001899 0.0040687 0.0086938
0.0079444 0.92397 0.0070211 0.0068809 0.028326 0.0027372 0.0027372 0.0057302 0.014656
0.021067 0.051803 0.013267 0.012074 0.83532 0.0050672 0.0050672 0.011793 0.044538
0.0055126 0.94826 0.0051441 0.0047686 0.01973 0.0019507 0.0019507 0.003879 0.0088057
0.012811 0.057992 0.009468 0.0096974 0.87189 0.0037549 0.0037549 0.0074987 0.023135
0.025427 0.32028 0.018037 0.019961 0.54724 0.0071465 0.0071465 0.01476 0.039999
