0.0054452 0.0091991 0.004619 0.0040031 0.96075 0.0016818 0.0016818 0.0038761 0.0087392
0.0058239 0.0096929 0.0046458 0.0041683 0.95871 0.0017507 0.0017507 0.0042694 0.0091839
0.0046658 0.010091 0.0041255 0.0036548 0.96368 0.0015379 0.0015379 0.0032501 0.0074589
0.007032 0.012276 0.0053418 0.0045283 0.95321 0.0019032 0.0019032 0.0042782 0.0095287
0.0059331 0.014291 0.0052731 0.0048176 0.94747 0.002022 0.002022 0.0045014 0.013669
0.0048485 0.0098893 0.0045336 0.0039935 0.95951 0.0016788 0.0016788 0.003525 0.01034
0.0081763 0.014844 0.0073873 0.0061867 0.93168 0.002575 0.002575 0.0070142 0.019559
0.0065499 0.01094 0.0054297 0.0049349 0.94743 0.0020548 0.0020548 0.0042406 0.016361
0.0054006 0.014404 0.0050338 0.0044382 0.95363 0.0018292 0.0018292 0.0037654 0.0096696
0.0069433 0.014276 0.0063864 0.0058334 0.93871 0.002347 0.002347 0.0058249 0.017336
0.0059058 0.013447 0.0054074 0.0047797 0.94889 0.0020006 0.0020006 0.0043123 0.013254
0.005738 0.01405 0.0056809 0.0045515 0.95186 0.001908 0.001908 0.0042134 0.010089
0.0072289 0.014324 0.0076568 0.0060454 0.93485 0.0024416 0.0024416 0.0054263 0.019584
0.0047623 0.0090457 0.0047989 0.0039563 0.96019 0.0016597 0.0016597 0.0037868 0.010143
0.0049109 0.0086949 0.0042739 0.0037802 0.96282 0.0015933 0.0015933 0.0037438 0.008594
0.005129 0.0092028 0.0047423 0.0040761 0.95928 0.0017228 0.0017228 0.0040758 0.01005
0.0044072 0.0071854 0.0042328 0.0035196 0.96588 0.0014852 0.0014852 0.003388 0.008417
0.0058949 0.010654 0.0061899 0.0045581 0.95444 0.0019197 0.0019197 0.004498 0.009922
0.011376 0.013716 0.0077582 0.0068497 0.92375 0.0028733 0.0028733 0.0071226 0.023679
0.0060796 0.0097362 0.006095 0.0045567 0.95424 0.0019261 0.0019261 0.0044217 0.01102
0.0064149 0.011077 0.0061653 0.0047876 0.95219 0.0020101 0.0020101 0.0047627 0.010582
0.0063886 0.0097139 0.0051656 0.0045263 0.95472 0.0019093 0.0019093 0.004629 0.011036
0.0059433 0.009975 0.0050205 0.0043632 0.95615 0.0018559 0.0018559 0.0047509 0.010089
0.0054551 0.0093823 0.0047718 0.0041435 0.95993 0.0017397 0.0017397 0.004452 0.0083892
0.0054808 0.0089092 0.0045132 0.0040497 0.95993 0.0017152 0.0017152 0.0041371 0.0095467
0.0072942 0.014562 0.0063383 0.005447 0.94288 0.0023466 0.0023466 0.0055203 0.013264
0.0058635 0.0094997 0.0053231 0.0044252 0.95601 0.0018621 0.0018621 0.004344 0.010813
0.0073609 0.014891 0.0062743 0.0054894 0.94047 0.0023103 0.0023103 0.0050723 0.015819
0.012705 0.025791 0.010357 0.0081788 0.9058 0.0034508 0.0034508 0.0079486 0.022317
0.02004 0.063455 0.016475 0.013743 0.81243 0.0057003 0.0057003 0.01383 0.048624
0.0067852 0.025392 0.0060885 0.0051342 0.93836 0.0021563 0.0021563 0.0043113 0.0096187
0.0066678 0.023469 0.0066366 0.0051994 0.93829 0.0021931 0.0021931 0.0050573 0.010293
0.0054905 0.017918 0.0051078 0.0044559 0.95114 0.001957 0.001957 0.0037831 0.0081903
0.0080811 0.026412 0.0075412 0.0069934 0.9244 0.0037317 0.0037317 0.0065434 0.012561
0.015648 0.046506 0.01633 0.01425 0.8422 0.014384 0.014384 0.016983 0.01932
0.020239 0.057042 0.021954 0.017443 0.80135 0.0177 0.0177 0.020167 0.026408
0.19039 0.039608 0.035776 0.030715 0.56038 0.029407 0.029407 0.032605 0.05171
0.58996 0.037283 0.033146 0.028377 0.15396 0.028457 0.028457 0.034949 0.065414
0.12166 0.032689 0.015718 0.01431 0.75697 0.0060201 0.0060201 0.013175 0.033436
0.016056 0.016104 0.0087631 0.0072565 0.91918 0.0030564 0.0030564 0.0061059 0.020422
0.0097651 0.01421 0.0066685 0.0057006 0.94113 0.0023775 0.0023775 0.0051296 0.012638
0.0078101 0.014709 0.0059837 0.0053204 0.94341 0.0022383 0.0022383 0.004817 0.013469
0.0053942 0.013857 0.0054741 0.004357 0.95392 0.0018574 0.0018574 0.0046164 0.0086673
0.013342 0.071211 0.01307 0.010836 0.84541 0.0045298 0.0045298 0.011342 0.025725
0.016749 0.045121 0.016364 0.012293 0.85189 0.0049308 0.0049308 0.011902 0.035818
0.0054864 0.01358 0.0052863 0.0045337 0.95164 0.0019048 0.0019048 0.0042135 0.011448
0.012881 0.026414 0.014059 0.0096821 0.88326 0.0040798 0.0040798 0.010714 0.034832
0.0057169 0.010468 0.0050187 0.0042277 0.95751 0.0017879 0.0017879 0.0040475 0.0094402
0.0073717 0.012385 0.0064802 0.0050678 0.94821 0.0021226 0.0021226 0.0050133 0.011228
0.012324 0.015401 0.0081143 0.0067133 0.92834 0.0028325 0.0028325 0.0067122 0.016731
0.0075041 0.0084271 0.0048506 0.0043151 0.95731 0.0018176 0.0018176 0.0043059 0.0096517
0.0070319 0.010303 0.0051007 0.0048135 0.95084 0.0020272 0.0020272 0.0052107 0.01265
0.0057256 0.010209 0.0059269 0.0046982 0.95098 0.0019857 0.0019857 0.0047856 0.013702
0.0043161 0.0075397 0.0040216 0.0035677 0.96465 0.0015073 0.0015073 0.0034765 0.0094137
0.0044606 0.0075554 0.0040282 0.0035394 0.96523 0.0015022 0.0015022 0.0033692 0.0088133
0.0044936 0.0071902 0.0038483 0.0035582 0.96581 0.0014953 0.0014953 0.0034586 0.0086498
0.0054367 0.0089641 0.0045503 0.0041671 0.95873 0.0017628 0.0017628 0.0047989 0.0098318
0.0049351 0.0082734 0.0043709 0.0038694 0.96197 0.0016312 0.0016312 0.0037278 0.0095926
0.007696 0.014485 0.0072045 0.0057281 0.93983 0.0023584 0.0023584 0.0058359 0.014503
0.0055431 0.014366 0.0046377 0.0044601 0.95554 0.0017883 0.0017883 0.0035821 0.0082922
0.0048044 0.0086981 0.0049435 0.0040009 0.96042 0.0016624 0.0016624 0.0038502 0.009957
0.004862 0.0084521 0.0039647 0.0035582 0.96522 0.0015135 0.0015135 0.0039358 0.0069769
0.0082886 0.010127 0.0053327 0.0048458 0.95124 0.0020368 0.0020368 0.004813 0.011278
0.0051331 0.007296 0.0041596 0.003653 0.96472 0.0015395 0.0015395 0.003671 0.0082893
0.0098527 0.012092 0.0083581 0.005725 0.94025 0.0024143 0.0024143 0.0054757 0.01342
0.0076355 0.013531 0.0072503 0.0059055 0.93799 0.0024871 0.0024871 0.0073439 0.015369
0.012346 0.026524 0.017474 0.010577 0.88131 0.0041478 0.0041478 0.011564 0.031906
0.0080932 0.015642 0.0092482 0.0062276 0.93038 0.0026452 0.0026452 0.0059878 0.019135
0.018665 0.027119 0.016739 0.0098089 0.88524 0.0041264 0.0041264 0.010051 0.024125
0.011071 0.0639 0.010384 0.0087347 0.87135 0.0037018 0.0037018 0.0077957 0.019366
0.0088819 0.020225 0.007536 0.0085482 0.92412 0.0028678 0.0028678 0.0072845 0.017667
0.0080519 0.02047 0.0078891 0.0071379 0.92847 0.0047178 0.0047178 0.0066536 0.011892
0.018847 0.081424 0.018669 0.018408 0.782 0.017724 0.017724 0.01873 0.026471
0.0097742 0.01356 0.0080732 0.0062508 0.93407 0.0026201 0.0026201 0.0063939 0.016638
0.0049321 0.0078727 0.0043624 0.0037668 0.96347 0.0015887 0.0015887 0.0040062 0.0084125
0.014532 0.028245 0.010701 0.0096358 0.90022 0.0069805 0.0069805 0.0098727 0.012833
0.043834 0.086877 0.02657 0.024035 0.70151 0.024065 0.024065 0.025512 0.043533
0.0097329 0.01757 0.0074087 0.0061553 0.93328 0.0025823 0.0025823 0.0052154 0.015475
0.1957 0.043808 0.031671 0.028671 0.56279 0.028582 0.028582 0.031782 0.048416
0.0062643 0.019236 0.0056825 0.0052318 0.94284 0.0021456 0.0021456 0.0053042 0.011155
0.0066814 0.015212 0.0062733 0.005502 0.94056 0.0022733 0.0022733 0.0051552 0.016068
0.0081071 0.016596 0.0072184 0.0060793 0.93028 0.0025293 0.0025293 0.0063474 0.020317
0.0041678 0.006975 0.0038334 0.0032827 0.9686 0.0013797 0.0013797 0.0029348 0.0074468
0.006602 0.01875 0.0057153 0.0054031 0.94252 0.0024638 0.0024638 0.0046312 0.011452
0.2386 0.036846 0.038386 0.031336 0.49373 0.031275 0.031275 0.035146 0.063399
0.10891 0.043923 0.016927 0.015912 0.7369 0.0066901 0.0066901 0.015786 0.048262
0.004359 0.0065177 0.0038261 0.0033465 0.96827 0.0014048 0.0014048 0.0031762 0.0076978
0.0054642 0.0084549 0.0041419 0.0035732 0.96505 0.001518 0.001518 0.0032349 0.0070422
0.014006 0.015862 0.010486 0.0070165 0.92365 0.002973 0.002973 0.0068275 0.016203
0.031548 0.024644 0.0097822 0.0089495 0.88943 0.0037782 0.0037782 0.0078831 0.020205
0.0063106 0.012263 0.0067149 0.0050796 0.94793 0.002132 0.002132 0.0048063 0.012634
0.0047186 0.0071415 0.004284 0.0035217 0.96618 0.0014926 0.0014926 0.0034524 0.0077207
0.009337 0.012118 0.0076368 0.0057406 0.94071 0.0024207 0.0024207 0.006573 0.013043
0.01458 0.015925 0.013713 0.0073018 0.91997 0.003085 0.003085 0.0070534 0.01529
0.0061744 0.017133 0.0054736 0.0050899 0.94735 0.0020446 0.0020446 0.004721 0.0099656
0.0092359 0.016684 0.0068107 0.0057571 0.93759 0.0024435 0.0024435 0.004997 0.014034
0.0081736 0.0096922 0.0052735 0.0047203 0.95279 0.0019777 0.0019777 0.004885 0.010515
0.0062389 0.021931 0.0053154 0.0049865 0.94349 0.0020584 0.0020584 0.0042921 0.0096331
0.0048111 0.013018 0.0044926 0.004023 0.95829 0.0016532 0.0016532 0.0034657 0.0085936
0.0053856 0.012155 0.0047591 0.0044008 0.95433 0.0018445 0.0018445 0.0036905 0.011593
0.0060787 0.01071 0.0051831 0.0044849 0.95688 0.0019963 0.0019963 0.0044868 0.0081839
0.007924 0.020681 0.0068461 0.0061896 0.93597 0.0035145 0.0035145 0.0059147 0.009441
0.016057 0.033988 0.010772 0.0088012 0.8916 0.0037343 0.0037343 0.0076224 0.023689
0.0064785 0.0095479 0.0048379 0.0044387 0.95571 0.0018711 0.0018711 0.0044344 0.010811
0.0069866 0.010562 0.005522 0.0049382 0.94931 0.002077 0.002077 0.0054757 0.013053
0.0050256 0.0085989 0.0046119 0.0039138 0.96176 0.001624 0.001624 0.0037359 0.0091108
0.0057719 0.0091698 0.0057045 0.0043218 0.95707 0.0018246 0.0018246 0.0038701 0.010438
0.024048 0.018135 0.0082336 0.0077105 0.90795 0.003256 0.003256 0.0071105 0.020298
0.019765 0.022346 0.0093586 0.0082537 0.90369 0.003498 0.003498 0.0074418 0.022151
0.005061 0.012557 0.0047207 0.00406 0.95828 0.0017074 0.0017074 0.0036952 0.008214
0.0094478 0.015832 0.0094841 0.0070979 0.92167 0.0029967 0.0029967 0.0087536 0.021722
0.0072445 0.017328 0.0060456 0.0055197 0.93841 0.0023043 0.0023043 0.0057413 0.015099
0.0060073 0.011992 0.0052995 0.0046827 0.95079 0.0019627 0.0019627 0.0042963 0.013003
0.006041 0.010533 0.0056064 0.0044982 0.95507 0.0018739 0.0018739 0.0041809 0.010318
0.0060154 0.011042 0.0055112 0.0048754 0.9499 0.0020268 0.0020268 0.0049134 0.013685
0.005959 0.0098596 0.0059117 0.0049068 0.94615 0.0020669 0.0020669 0.0044061 0.018673
0.0054881 0.0087239 0.004738 0.004138 0.95917 0.0017493 0.0017493 0.0038286 0.010414
0.16123 0.051606 0.019638 0.018183 0.66919 0.0076531 0.0076531 0.017945 0.046896
0.0074671 0.015867 0.0069891 0.0053147 0.94224 0.0022535 0.0022535 0.0051267 0.012493
0.0054869 0.008872 0.0047017 0.0040981 0.95892 0.0017307 0.0017307 0.0040724 0.01039
0.005106 0.0096226 0.0045418 0.004008 0.96057 0.0016757 0.0016757 0.0041233 0.0086804
0.005956 0.015781 0.0054271 0.0049757 0.94629 0.0020922 0.0020922 0.0050381 0.012344
0.0049418 0.0098813 0.0044039 0.0036983 0.96309 0.0015333 0.0015333 0.0036805 0.007239
0.0080281 0.014218 0.0073779 0.0058998 0.93699 0.0024216 0.0024216 0.0056232 0.017018
0.0084026 0.014197 0.0069336 0.0056526 0.93732 0.0024007 0.0024007 0.0056237 0.017072
0.0090831 0.022273 0.0081209 0.0078311 0.91005 0.0030717 0.0030717 0.0070122 0.02949
0.0088354 0.022176 0.0080941 0.0075716 0.91429 0.0030017 0.0030017 0.0067905 0.026239
0.0055278 0.0094494 0.005342 0.004208 0.95868 0.0017716 0.0017716 0.0042232 0.0090269
0.0063565 0.013897 0.0053981 0.0049435 0.94687 0.0020826 0.0020826 0.0046093 0.01376
0.0063435 0.02945 0.0058444 0.0049943 0.93589 0.002115 0.002115 0.0041634 0.0090892
0.045872 0.031401 0.012141 0.011273 0.84992 0.00477 0.00477 0.010687 0.029167
0.0092047 0.048658 0.0080653 0.007017 0.89993 0.0029803 0.0029803 0.0062515 0.014908
0.0046723 0.009267 0.0044514 0.0037538 0.96283 0.0015862 0.0015862 0.0034164 0.0084329
0.0050463 0.0086112 0.0043228 0.0040562 0.95948 0.0017162 0.0017162 0.0041129 0.010935
0.0080778 0.010463 0.0058516 0.005017 0.94878 0.0021119 0.0021119 0.0051031 0.012486
0.0057867 0.0094473 0.0050361 0.0044776 0.95308 0.0018879 0.0018879 0.0039652 0.014436
0.010047 0.013599 0.0071357 0.0057215 0.93972 0.0024211 0.0024211 0.0055217 0.013411
0.0071615 0.014498 0.0055895 0.0053099 0.94756 0.0026023 0.0026023 0.0055114 0.0091602
0.016563 0.026298 0.013218 0.012674 0.87596 0.012524 0.012524 0.013309 0.016929
0.0045915 0.0090593 0.0042016 0.0037382 0.96353 0.0015684 0.0015684 0.0032851 0.0084595
0.0066889 0.013146 0.0065249 0.0055527 0.93977 0.0023462 0.0023462 0.0059966 0.017624
0.0049644 0.009575 0.0047393 0.004014 0.95935 0.0016952 0.0016952 0.0034648 0.010497
0.0049574 0.008188 0.004342 0.0038766 0.9625 0.0016161 0.0016161 0.0041652 0.0087376
0.0059203 0.013041 0.0054061 0.0051057 0.95012 0.0020615 0.0020615 0.0043937 0.011886
0.0059438 0.0088132 0.0050193 0.0044326 0.95524 0.0018696 0.0018696 0.0042451 0.012563
0.0041064 0.0068717 0.0038515 0.0032809 0.96847 0.0013827 0.0013827 0.0029692 0.007681
0.0056789 0.013968 0.0056349 0.0045315 0.95137 0.0019223 0.0019223 0.0040533 0.010918
0.0047253 0.0081041 0.0040563 0.0037163 0.96321 0.0015658 0.0015658 0.0032599 0.0097986
0.0056049 0.0091434 0.0049252 0.0044576 0.9544 0.0018546 0.0018546 0.0039574 0.0138
0.0052567 0.010958 0.0047028 0.0041212 0.95915 0.0017069 0.0017069 0.0038262 0.0085728
0.0097735 0.033785 0.0083289 0.0079347 0.91367 0.0029709 0.0029709 0.0065287 0.014033
0.020385 0.042088 0.013723 0.014 0.86738 0.0044997 0.0044997 0.010278 0.023147
0.0066539 0.014721 0.0062542 0.0051009 0.94593 0.0021515 0.0021515 0.0045937 0.012444
0.0065886 0.010747 0.0058448 0.0048685 0.94999 0.0020616 0.0020616 0.0047395 0.013102
0.0065653 0.0089274 0.0049511 0.0044989 0.95449 0.0018835 0.0018835 0.004735 0.012068
0.0059838 0.0090039 0.0047809 0.0042543 0.95727 0.0017904 0.0017904 0.0039368 0.011187
0.0049809 0.008251 0.0043381 0.0037553 0.9622 0.0015901 0.0015901 0.0032614 0.010034
0.0078802 0.015469 0.0065794 0.0057423 0.94121 0.002344 0.002344 0.0053493 0.01308
0.0068448 0.01105 0.0065964 0.0050333 0.9489 0.002121 0.002121 0.0049967 0.012333
0.0070445 0.021384 0.0065318 0.0058091 0.93578 0.0023905 0.0023905 0.0052275 0.013446
0.0055578 0.012236 0.005172 0.0045117 0.95129 0.0019126 0.0019126 0.0043431 0.013068
0.0055723 0.0093815 0.0046761 0.0039266 0.96134 0.0016372 0.0016372 0.0042786 0.0075546
0.0047592 0.0081106 0.0041907 0.0036167 0.96491 0.0015191 0.0015191 0.0034071 0.0079686
0.0046278 0.0075976 0.0043215 0.0036696 0.96498 0.0015283 0.0015283 0.003944 0.0078006
0.0066469 0.010216 0.0048607 0.0043812 0.95598 0.0018484 0.0018484 0.0040167 0.0102
0.0052917 0.0093443 0.0046807 0.0041986 0.95749 0.0017735 0.0017735 0.003827 0.011618
0.012473 0.030485 0.010802 0.0092956 0.88251 0.0038541 0.0038541 0.0088606 0.037869
0.0096423 0.069643 0.0087631 0.0077119 0.8763 0.003257 0.003257 0.0063948 0.015027
0.0063491 0.021479 0.0061314 0.0054082 0.94025 0.002197 0.002197 0.0048021 0.011191
0.0048756 0.0079302 0.0040993 0.0037068 0.96375 0.0015608 0.0015608 0.0034019 0.0091158
0.0034807 0.0070944 0.0031088 0.0028301 0.97307 0.0011768 0.0011768 0.0025506 0.0055074
0.0057774 0.010244 0.0059022 0.0044785 0.95551 0.0018863 0.0018863 0.0044866 0.0098327
0.0049865 0.010166 0.0045821 0.0039617 0.96012 0.0016661 0.0016661 0.00385 0.009001
0.0053309 0.0082088 0.0047037 0.0040592 0.96075 0.0016907 0.0016907 0.0043032 0.009264
0.005434 0.0093632 0.0048243 0.0042342 0.9577 0.0017857 0.0017857 0.0042787 0.010593
0.0050823 0.0087647 0.0043168 0.0037759 0.96286 0.0015867 0.0015867 0.0037223 0.0083009
0.0055276 0.014668 0.0049586 0.0045541 0.95255 0.0018758 0.0018758 0.0042835 0.0097021
0.17218 0.040865 0.039057 0.031671 0.55237 0.030418 0.030418 0.033866 0.069149
0.021012 0.044633 0.01176 0.0098449 0.86621 0.0042022 0.0042022 0.0087498 0.02939
0.019459 0.025487 0.0097256 0.0086597 0.89604 0.0036442 0.0036442 0.0078635 0.025479
0.0064273 0.01378 0.0056951 0.0049131 0.94706 0.0020938 0.0020938 0.0043544 0.013578
0.0063578 0.011699 0.0053648 0.0048569 0.95009 0.0020377 0.0020377 0.004439 0.013122
0.0046196 0.0072575 0.0039416 0.0036149 0.96462 0.0015287 0.0015287 0.0035985 0.0092951
0.0074663 0.022407 0.0065299 0.0060149 0.9325 0.0024794 0.0024794 0.0059037 0.014218
0.006639 0.01174 0.0057356 0.0048531 0.94939 0.0020474 0.0020474 0.0043496 0.0132
0.11394 0.034624 0.016257 0.014761 0.75584 0.0061827 0.0061827 0.013665 0.038554
0.016271 0.013926 0.0084098 0.0068726 0.92419 0.0028855 0.0028855 0.006538 0.018023
0.0042842 0.0082715 0.0038085 0.0035067 0.96525 0.001485 0.001485 0.0033284 0.0085767
0.0072008 0.020406 0.0062944 0.0056559 0.93871 0.0024026 0.0024026 0.0049082 0.012025
0.008678 0.019625 0.007253 0.0062786 0.92959 0.0026582 0.0026582 0.0058035 0.017455
0.0072059 0.016031 0.0071001 0.0059232 0.94041 0.0023464 0.0023464 0.005507 0.01313
0.0073896 0.019339 0.0063807 0.0058922 0.93583 0.0024562 0.0024562 0.0060916 0.014162
0.0054154 0.010927 0.0048693 0.0042539 0.9567 0.0017958 0.0017958 0.0041604 0.010085
0.0069325 0.017505 0.0059063 0.0066551 0.94368 0.0022012 0.0022012 0.0050034 0.0099162
0.022081 0.040399 0.011435 0.010754 0.87681 0.0041877 0.0041877 0.0102 0.019947
0.13161 0.043197 0.018019 0.016821 0.7088 0.0070547 0.0070547 0.016996 0.050451
0.0063955 0.011067 0.0058174 0.0049078 0.95092 0.001982 0.001982 0.0051702 0.011758
0.0067841 0.010949 0.0053331 0.0049846 0.94792 0.0021073 0.0021073 0.0053136 0.014501
0.01512 0.075055 0.013356 0.015544 0.81978 0.0051793 0.0051793 0.011711 0.039079
0.0056474 0.018711 0.0049619 0.0044792 0.94963 0.0018564 0.0018564 0.0038416 0.009019
0.0057662 0.0091115 0.0053939 0.0042121 0.95864 0.0017736 0.0017736 0.004308 0.0090201
0.0040275 0.0069072 0.0036461 0.0032443 0.96883 0.0013669 0.0013669 0.0030618 0.0075507
0.0056183 0.0088334 0.0045113 0.0041366 0.95854 0.0017412 0.0017412 0.0037883 0.011092
0.0055654 0.013251 0.0049125 0.0045424 0.95436 0.0018529 0.0018529 0.0042031 0.0094622
0.18312 0.036493 0.033948 0.027332 0.59217 0.027355 0.027355 0.031568 0.040662
0.0055607 0.010025 0.0055898 0.0044848 0.95444 0.0018936 0.0018936 0.0046788 0.011434
0.0052644 0.0092004 0.0049445 0.0042506 0.95689 0.0017847 0.0017847 0.0041196 0.011765
0.0054106 0.010675 0.0050483 0.0042605 0.95642 0.0018083 0.0018083 0.0037295 0.010836
0.011089 0.010894 0.0057267 0.0052492 0.94576 0.0022028 0.0022028 0.0052116 0.011661
0.005578 0.0094831 0.0045572 0.0041587 0.95853 0.0017557 0.0017557 0.0039952 0.010186
0.0054553 0.010283 0.0045946 0.0041356 0.95961 0.0017096 0.0017096 0.0040323 0.0084716
0.0062401 0.014532 0.0058535 0.0051506 0.94363 0.0021607 0.0021607 0.0047997 0.015469
0.0049687 0.0088527 0.0045302 0.0042833 0.95936 0.0016927 0.0016927 0.0037226 0.010895
0.0051913 0.0099455 0.0045521 0.0041052 0.95901 0.0017276 0.0017276 0.0040982 0.0096421
0.0042309 0.0064965 0.0035346 0.0032419 0.96918 0.0013637 0.0013637 0.0029476 0.0076438
0.0069087 0.026712 0.006047 0.0056337 0.93395 0.0023068 0.0023068 0.0048979 0.011238
0.004271 0.0079812 0.0039085 0.003467 0.96595 0.0014671 0.0014671 0.0029477 0.0085446
0.011301 0.048192 0.012797 0.0088125 0.87889 0.0037216 0.0037216 0.008376 0.024191
0.0068757 0.016527 0.00618 0.0055026 0.94167 0.002273 0.002273 0.0050334 0.013667
0.007443 0.01233 0.0062459 0.0053391 0.94463 0.0022552 0.0022552 0.0062101 0.013287
0.0092349 0.011396 0.0056856 0.0051182 0.94695 0.0021516 0.0021516 0.0048407 0.012469
0.015546 0.017904 0.0091754 0.0073028 0.91843 0.0030386 0.0030386 0.0062182 0.019343
0.0065573 0.014513 0.0055345 0.0052335 0.94891 0.0025302 0.0025302 0.0045672 0.0096216
0.0098992 0.017803 0.0073985 0.0062572 0.93062 0.0026183 0.0026183 0.0054002 0.017387
0.0082728 0.025001 0.0084415 0.0067127 0.92167 0.0028096 0.0028096 0.0064369 0.017851
0.0062068 0.012095 0.0056623 0.005135 0.94561 0.0021503 0.0021503 0.0047882 0.016206
0.0070264 0.014221 0.0061364 0.0052487 0.94479 0.0021883 0.0021883 0.0057875 0.012415
0.0094851 0.027908 0.0073599 0.0066515 0.9251 0.00267 0.00267 0.0053138 0.012846
0.0059773 0.011579 0.0051221 0.0047335 0.95109 0.0019976 0.0019976 0.0043316 0.013167
0.0059028 0.014884 0.0057979 0.0049516 0.94618 0.002072 0.002072 0.0043814 0.013756
0.0061494 0.019905 0.0055727 0.0051917 0.94385 0.002072 0.002072 0.0042156 0.01097
0.0076169 0.015595 0.0064234 0.0055771 0.93963 0.0023376 0.0023376 0.0050063 0.015475
0.0065172 0.015627 0.0073168 0.0050833 0.94501 0.0021332 0.0021332 0.0050145 0.011169
0.0056697 0.01251 0.0051992 0.0045939 0.95217 0.0019266 0.0019266 0.0043012 0.011707
0.0046045 0.0093298 0.0046155 0.0037927 0.96244 0.0015993 0.0015993 0.0038285 0.0081872
0.0066953 0.011641 0.0060575 0.0051507 0.94519 0.0021478 0.0021478 0.0053604 0.015608
0.0079062 0.013537 0.0062446 0.0055767 0.93886 0.0023053 0.0023053 0.0050928 0.018169
0.0058398 0.0098157 0.0056835 0.0043909 0.95673 0.0018455 0.0018455 0.0043411 0.0095062
0.0062534 0.011419 0.005464 0.0046879 0.95119 0.0019822 0.0019822 0.0042213 0.012801
0.017105 0.039151 0.0099682 0.0088175 0.89477 0.0035159 0.0035159 0.0077895 0.01537
0.0069516 0.01613 0.0061604 0.0055812 0.94245 0.0023152 0.0023152 0.0058095 0.012286
0.008755 0.026908 0.0075191 0.0080429 0.92443 0.0028991 0.0028991 0.0057091 0.012839
0.0060339 0.012587 0.0056018 0.0052354 0.95032 0.0030269 0.0030269 0.0048471 0.0093213
0.007048 0.023123 0.0070006 0.0059578 0.93107 0.0024556 0.0024556 0.0052835 0.015603
0.0052676 0.0078496 0.0046858 0.0040441 0.95938 0.0017048 0.0017048 0.0041235 0.011236
0.0068146 0.010952 0.0050303 0.0043464 0.95627 0.0018431 0.0018431 0.0037592 0.0091445
0.0072711 0.0092531 0.0049041 0.0045964 0.95385 0.0019211 0.0019211 0.0044044 0.011878
0.0067591 0.010657 0.0053356 0.0047414 0.95186 0.001994 0.001994 0.0049057 0.011756
0.0052878 0.013308 0.0048611 0.0043128 0.95561 0.0017822 0.0017822 0.0036604 0.0093929
0.0063083 0.0095096 0.0052651 0.0045675 0.95424 0.0019259 0.0019259 0.005144 0.011111
0.0083138 0.015595 0.007929 0.006161 0.93339 0.002597 0.002597 0.0061342 0.01728
0.0060623 0.01037 0.0051992 0.004326 0.95562 0.0018306 0.0018306 0.0045755 0.010181
0.006096 0.012602 0.0048967 0.0045003 0.95252 0.0019023 0.0019023 0.0043019 0.011275
0.0064348 0.011195 0.0051076 0.0045702 0.95295 0.0019304 0.0019304 0.0046158 0.011263
0.0042987 0.009761 0.0039224 0.0035828 0.96546 0.0015928 0.0015928 0.0030587 0.0067338
0.0075815 0.011742 0.0057072 0.0050658 0.94585 0.0021252 0.0021252 0.0044003 0.015402
0.0060337 0.0092811 0.0053665 0.0043722 0.956 0.0018477 0.0018477 0.0042074 0.01104
0.0048435 0.01075 0.004345 0.004076 0.96022 0.0016813 0.0016813 0.0042841 0.008118
0.0058638 0.012164 0.0055642 0.0048069 0.95005 0.0020277 0.0020277 0.0057357 0.011759
0.0046851 0.010148 0.0043086 0.0038332 0.96117 0.0016141 0.0016141 0.0032979 0.0093268
0.0058153 0.0090787 0.0048933 0.0044219 0.95535 0.001864 0.001864 0.004749 0.011967
0.0082064 0.021568 0.0071674 0.0064094 0.92962 0.0026167 0.0026167 0.0061678 0.015627
0.005054 0.011515 0.0047739 0.0041286 0.95738 0.0017326 0.0017326 0.0036217 0.010065
0.0066165 0.013507 0.0058679 0.0050806 0.946 0.0021416 0.0021416 0.0046132 0.014035
0.010821 0.054233 0.010363 0.008965 0.87583 0.0037438 0.0037438 0.0077593 0.024539
0.0060661 0.010757 0.0058466 0.0047088 0.95136 0.0019895 0.0019895 0.0043131 0.01297
0.0062111 0.01051 0.0057421 0.0046845 0.95191 0.0019661 0.0019661 0.0043332 0.01268
0.0065 0.009516 0.0052266 0.0046217 0.95203 0.0019482 0.0019482 0.0044531 0.013755
0.0068209 0.013469 0.0055625 0.0051293 0.94435 0.0021416 0.0021416 0.0044022 0.015978
0.0064742 0.011955 0.0058052 0.0048894 0.94773 0.0020604 0.0020604 0.0042879 0.014736
0.0094439 0.042684 0.008233 0.0076326 0.89798 0.0031313 0.0031313 0.0066612 0.021105
0.0072198 0.012521 0.0071411 0.0055701 0.94202 0.0023351 0.0023351 0.0055258 0.015335
0.0060735 0.0093702 0.0045029 0.0039267 0.9606 0.0016644 0.0016644 0.0033981 0.0087957
0.012519 0.048487 0.014082 0.010135 0.87479 0.0048126 0.0048126 0.0089941 0.021369
0.1883 0.045356 0.030665 0.024781 0.59244 0.014101 0.014101 0.025192 0.065066
0.17109 0.03976 0.019881 0.016696 0.67939 0.0070003 0.0070003 0.018027 0.041155
0.0054497 0.0090802 0.0043925 0.0041192 0.9592 0.0017429 0.0017429 0.004279 0.0099905
0.015868 0.18034 0.014258 0.012372 0.72679 0.0052503 0.0052503 0.010761 0.02911
0.0066192 0.0092652 0.0050225 0.0045814 0.95363 0.0019188 0.0019188 0.004246 0.012798
0.0090782 0.01223 0.0054255 0.0050575 0.94803 0.0021361 0.0021361 0.0046044 0.011306
0.0075475 0.013451 0.0075125 0.006204 0.92927 0.0026015 0.0026015 0.0067426 0.024073
0.0062566 0.0097035 0.0047659 0.0043784 0.95628 0.001844 0.001844 0.0043536 0.010569
0.0059465 0.01318 0.0054849 0.0047714 0.94977 0.0020163 0.0020163 0.0048203 0.011992
0.0066201 0.013004 0.005421 0.0048241 0.9485 0.0020467 0.0020467 0.0041985 0.013338
0.0066594 0.011715 0.0052661 0.0047689 0.95054 0.0020086 0.0020086 0.0044996 0.012535
0.013141 0.0626 0.009595 0.01119 0.87279 0.0037122 0.0037122 0.0077391 0.015517
0.0066874 0.017243 0.005988 0.005384 0.94235 0.0022342 0.0022342 0.0057017 0.012177
0.0056838 0.011175 0.0048704 0.0044982 0.95491 0.0018721 0.0018721 0.0044064 0.010716
0.077108 0.037597 0.015918 0.01438 0.78864 0.0060195 0.0060195 0.013364 0.040958
0.0066417 0.011095 0.0055101 0.0049756 0.94838 0.002095 0.002095 0.0051893 0.014015
0.0056413 0.0096289 0.0048112 0.0043636 0.95671 0.0018227 0.0018227 0.0042868 0.01091
0.0046752 0.012004 0.0043564 0.0038855 0.95869 0.0016261 0.0016261 0.0032231 0.0099132
0.01054 0.029274 0.0079705 0.0067292 0.91861 0.0028092 0.0028092 0.0055505 0.015707
0.0049396 0.010504 0.0046978 0.0042618 0.95884 0.0016926 0.0016926 0.0036008 0.0097751
0.0056424 0.012022 0.0053569 0.0047595 0.9517 0.0019833 0.0019833 0.0053313 0.011219
0.0056428 0.010131 0.0047249 0.0043304 0.95608 0.0018113 0.0018113 0.0038681 0.011598
0.0093278 0.01973 0.0089139 0.008299 0.91666 0.0030528 0.0030528 0.0068829 0.024078
0.013519 0.11727 0.011421 0.010644 0.80713 0.0043393 0.0043393 0.0087223 0.022612
0.006209 0.01103 0.0051271 0.0048587 0.94773 0.0020492 0.0020492 0.0044771 0.016468
0.026068 0.029509 0.014235 0.013949 0.85499 0.013961 0.013961 0.015638 0.017686
0.12696 0.042133 0.02067 0.016225 0.72297 0.0068381 0.0068381 0.015602 0.041762
0.0064543 0.016205 0.005892 0.0053742 0.94239 0.0021886 0.0021886 0.0044959 0.014807
0.0063198 0.011583 0.0047155 0.0043792 0.95686 0.0017815 0.0017815 0.0039589 0.0086228
0.0083968 0.019204 0.0092998 0.0070078 0.92893 0.0038475 0.0038475 0.0066791 0.012787
0.019808 0.043923 0.017842 0.01578 0.82993 0.015644 0.015644 0.016097 0.025331
0.0073744 0.01573 0.0074447 0.0058328 0.93693 0.0024531 0.0024531 0.0055504 0.016233
0.011031 0.02125 0.0074326 0.0077975 0.92741 0.0027476 0.0027476 0.0055229 0.014057
0.0071643 0.013964 0.005215 0.0048077 0.94908 0.0020225 0.0020225 0.0049058 0.010821
0.0053385 0.010313 0.0051877 0.0044359 0.95383 0.0018676 0.0018676 0.0042022 0.012952
0.018847 0.024159 0.009044 0.0076216 0.90949 0.0031861 0.0031861 0.0071919 0.017275
0.0049614 0.009271 0.0044223 0.0040459 0.95953 0.001692 0.001692 0.0036711 0.010716
0.0093852 0.036833 0.0087682 0.0074233 0.90687 0.0030989 0.0030989 0.0063713 0.018151
0.0067977 0.012754 0.0064619 0.0056078 0.93938 0.002346 0.002346 0.0056094 0.0187
0.0064342 0.010335 0.004603 0.0042942 0.95793 0.0017842 0.0017842 0.0044275 0.0084115
0.0044312 0.0085482 0.0039121 0.0035647 0.96496 0.0015102 0.0015102 0.0033333 0.008233
0.0065215 0.010696 0.0060703 0.0047657 0.9519 0.0020042 0.0020042 0.0047255 0.011315
0.13689 0.028871 0.025618 0.022795 0.6809 0.022664 0.022664 0.025344 0.034249
0.0071213 0.015467 0.0062557 0.0054043 0.94185 0.0022659 0.0022659 0.0050931 0.014272
0.0050575 0.0087881 0.00477 0.0039536 0.96169 0.0016671 0.0016671 0.0045931 0.0078119
0.0063381 0.020504 0.0058163 0.0052706 0.94206 0.0021755 0.0021755 0.0046056 0.011051
0.007916 0.016301 0.0068259 0.0060515 0.93317 0.0024955 0.0024955 0.0056625 0.01908
0.0063755 0.011208 0.0053567 0.004684 0.95198 0.0019703 0.0019703 0.0045194 0.011939
0.0043159 0.0088274 0.0039333 0.0034649 0.96595 0.0014554 0.0014554 0.0030649 0.0075315
0.0060719 0.010588 0.0050473 0.0045468 0.95329 0.0019132 0.0019132 0.0042874 0.01234
0.0097479 0.019598 0.0097579 0.0080132 0.90413 0.0033711 0.0033711 0.0089758 0.033038
0.0062545 0.010681 0.0053811 0.0045144 0.95339 0.0018908 0.0018908 0.0047146 0.011278
0.0076088 0.015803 0.0066243 0.0059303 0.93337 0.0025041 0.0025041 0.0055192 0.02014
0.0066411 0.012457 0.0061583 0.0058031 0.94304 0.0032045 0.0032045 0.0054658 0.014025
0.10623 0.024487 0.029223 0.022167 0.71611 0.022037 0.022037 0.024581 0.033129
0.093897 0.036699 0.019693 0.020188 0.75798 0.0080031 0.0080031 0.017325 0.038212
0.16931 0.036865 0.02 0.016623 0.68328 0.0069333 0.0069333 0.016279 0.043776
0.0058355 0.013383 0.0054076 0.0046943 0.95124 0.001964 0.001964 0.004109 0.011403
0.0047363 0.0077967 0.0044868 0.0037338 0.96359 0.0015733 0.0015733 0.0034838 0.0090244
0.005216 0.0089935 0.0046734 0.0039949 0.96062 0.0016749 0.0016749 0.0036772 0.0094756
0.0094104 0.025795 0.0078627 0.0073723 0.91794 0.0029634 0.0029634 0.0076188 0.018071
0.0057264 0.010938 0.0059125 0.0046373 0.95128 0.0019505 0.0019505 0.0043065 0.013301
0.10081 0.031204 0.019709 0.014841 0.76577 0.0061965 0.0061965 0.013899 0.041377
0.011515 0.050863 0.0085146 0.0079997 0.89282 0.0032403 0.0032403 0.0063548 0.015455
0.0043513 0.0070758 0.0041902 0.0034565 0.96629 0.001457 0.001457 0.0034118 0.0083111
0.0099429 0.045666 0.0091771 0.0084807 0.89494 0.0032812 0.0032812 0.0068941 0.01834
0.0065422 0.022247 0.005861 0.0053407 0.93639 0.0022529 0.0022529 0.0049327 0.014183
0.011174 0.035672 0.0073492 0.0069259 0.91339 0.0028108 0.0028108 0.0054733 0.014391
0.0093714 0.036689 0.006932 0.0066595 0.91681 0.0026897 0.0026897 0.0053477 0.012815
0.005073 0.016369 0.0049609 0.0041406 0.95378 0.0017534 0.0017534 0.0034592 0.0087148
0.0096713 0.042189 0.0084736 0.0078463 0.90284 0.0031719 0.0031719 0.0065778 0.016062
0.005207 0.0099233 0.0048448 0.0042063 0.95868 0.0017609 0.0017609 0.0048327 0.0087843
0.0054341 0.010728 0.0048685 0.004402 0.95615 0.0018837 0.0018837 0.0044309 0.010217
0.010137 0.048392 0.0093228 0.007647 0.8932 0.003219 0.003219 0.0079255 0.01694
0.0066547 0.016242 0.006125 0.0048936 0.94743 0.0020316 0.0020316 0.0045424 0.010047
0.0053165 0.0093475 0.0044926 0.0040501 0.95916 0.0017003 0.0017003 0.0038894 0.010345
0.0070297 0.013201 0.0070717 0.0057689 0.9348 0.0024205 0.0024205 0.0052759 0.022009
0.0084835 0.018404 0.0085097 0.0068495 0.91664 0.0028774 0.0028774 0.0063072 0.029051
0.005766 0.011175 0.0049848 0.0047606 0.95284 0.0019678 0.0019678 0.0048618 0.011673
0.0067765 0.013899 0.0058001 0.005454 0.94242 0.0024739 0.0024739 0.0056573 0.015046
0.0090179 0.046555 0.0090696 0.0074711 0.89655 0.0030984 0.0030984 0.0061007 0.019043
0.0057051 0.01348 0.0051754 0.0045744 0.95174 0.0019305 0.0019305 0.0042732 0.011193
0.019633 0.027705 0.017713 0.014911 0.84655 0.014832 0.014832 0.017034 0.026792
0.053065 0.031321 0.024322 0.020959 0.75977 0.020992 0.020992 0.023938 0.044638
0.0073012 0.01806 0.0064818 0.0058656 0.9316 0.0024981 0.0024981 0.0052269 0.020472
0.0099696 0.015217 0.0070452 0.0064798 0.92921 0.0027306 0.0027306 0.0070157 0.019603
0.0074345 0.011967 0.0054862 0.0050829 0.9465 0.0021499 0.0021499 0.0048952 0.014333
0.019137 0.67047 0.017617 0.015538 0.21958 0.0062253 0.0062253 0.012772 0.032439
0.011967 0.1086 0.012093 0.010536 0.81839 0.0042001 0.0042001 0.0083275 0.021687
0.0070696 0.012096 0.0077197 0.0056494 0.9399 0.0023759 0.0023759 0.0060212 0.016796
0.005292 0.014722 0.0047084 0.0042971 0.9547 0.0017848 0.0017848 0.0036756 0.0090318
0.0071705 0.013232 0.007029 0.0055488 0.94286 0.0023217 0.0023217 0.0064009 0.013117
0.0064334 0.010105 0.0060364 0.0047162 0.95265 0.0019729 0.0019729 0.0044101 0.011699
0.0050053 0.0092219 0.0045984 0.0041013 0.95775 0.0017333 0.0017333 0.003683 0.012175
0.0047316 0.0090913 0.0043901 0.0038249 0.96111 0.0016141 0.0016141 0.0036702 0.009951
0.010056 0.019806 0.012241 0.0083058 0.91292 0.0032333 0.0032333 0.0069017 0.023305
0.0075778 0.017632 0.0076578 0.0060831 0.93195 0.0025483 0.0025483 0.0061727 0.017831
0.0098966 0.022842 0.010598 0.0080071 0.90002 0.0033728 0.0033728 0.0076823 0.034211
0.0065233 0.012338 0.0055886 0.0050221 0.94662 0.002111 0.002111 0.0046903 0.014997
0.0064949 0.027894 0.0058185 0.0055146 0.93505 0.002242 0.002242 0.004523 0.010218
0.0049602 0.011985 0.0043519 0.0041526 0.95905 0.0017019 0.0017019 0.0039048 0.008195
0.0049365 0.011452 0.0037673 0.0035781 0.96336 0.0014563 0.0014563 0.0030013 0.0069883
0.0071403 0.016335 0.0059809 0.0055168 0.94025 0.0023179 0.0023179 0.0051334 0.015005
0.0076737 0.0099148 0.0050866 0.0046351 0.9528 0.001945 0.001945 0.0041984 0.011804
0.0079179 0.0092712 0.0054177 0.004767 0.95167 0.002002 0.002002 0.0046229 0.012327
0.17756 0.043509 0.028177 0.023167 0.61961 0.016019 0.016019 0.025603 0.050339
0.0083778 0.02513 0.0077603 0.0068875 0.91895 0.0028534 0.0028534 0.0060397 0.021145
0.0083612 0.011518 0.008465 0.0080464 0.92565 0.0081178 0.0081178 0.0088781 0.012844
0.010958 0.017341 0.010855 0.010069 0.90358 0.01004 0.01004 0.011094 0.016019
0.0072926 0.030551 0.0066707 0.0068499 0.92473 0.002483 0.002483 0.0049758 0.013964
0.0084292 0.011236 0.0058729 0.0052717 0.94527 0.0022271 0.0022271 0.0056095 0.013852
0.0058065 0.0094153 0.0048267 0.0044247 0.95516 0.0018513 0.0018513 0.0043347 0.012327
0.005589 0.010805 0.0046979 0.0043085 0.95573 0.0018177 0.0018177 0.003938 0.011296
0.014405 0.79431 0.013481 0.012615 0.12119 0.0050125 0.0050125 0.009997 0.02398
0.013844 0.79776 0.013585 0.012195 0.11984 0.0048788 0.0048788 0.0096533 0.023361
0.0042779 0.0075533 0.0038279 0.0034678 0.96663 0.0014463 0.0014463 0.0029805 0.0083672
0.006927 0.011206 0.0058407 0.0051832 0.94472 0.0021851 0.0021851 0.0056065 0.016144
0.005967 0.014693 0.0053147 0.00489 0.94678 0.0020557 0.0020557 0.0042493 0.013994
0.0060727 0.0096193 0.0050533 0.0045768 0.95329 0.001935 0.001935 0.0046553 0.012862
0.011558 0.04984 0.0080068 0.0094662 0.8959 0.0031252 0.0031252 0.0063129 0.012668
0.0096668 0.89412 0.0088483 0.0084697 0.046826 0.0033855 0.0033855 0.0067329 0.018568
0.0083405 0.011969 0.0075778 0.0073258 0.93189 0.0053218 0.0053218 0.0086441 0.013608
0.018327 0.47645 0.01645 0.014614 0.42171 0.0059649 0.0059649 0.012399 0.028121
0.016151 0.64053 0.014064 0.013851 0.27105 0.0054272 0.0054272 0.011417 0.022086
0.0097309 0.009857 0.0094013 0.0089744 0.9135 0.0090154 0.0090154 0.0098703 0.02063
0.013163 0.14364 0.010895 0.012105 0.78312 0.004323 0.004323 0.0088692 0.019561
0.009189 0.010942 0.006417 0.0052378 0.94604 0.0022014 0.0022014 0.0052459 0.012526
0.0087038 0.05812 0.0078834 0.0077323 0.89165 0.0029256 0.0029256 0.0056253 0.014434
0.0075672 0.010494 0.0053112 0.0048911 0.94881 0.0020588 0.0020588 0.0047654 0.014041
0.0048885 0.0084571 0.0042526 0.0038179 0.96185 0.0016162 0.0016162 0.0035058 0.0099929
0.012009 0.028234 0.013026 0.010254 0.87036 0.0041314 0.0041314 0.011362 0.046492
0.0047465 0.0076386 0.0044186 0.0037565 0.96316 0.0015781 0.0015781 0.0039898 0.0091365
0.0064821 0.011044 0.0065772 0.0050129 0.94936 0.0020975 0.0020975 0.0046321 0.012693
0.0048985 0.011503 0.0048337 0.0040595 0.9583 0.0016916 0.0016916 0.0035311 0.0094867
0.0063244 0.010956 0.0054111 0.0048276 0.95078 0.0020203 0.0020203 0.0047856 0.012873
0.013363 0.13781 0.012281 0.011944 0.7813 0.0046216 0.0046216 0.0090208 0.025045
0.012356 0.02289 0.0078267 0.0069636 0.92479 0.0028073 0.0028073 0.0063594 0.013195
0.13829 0.027072 0.028479 0.023163 0.67446 0.023244 0.023244 0.026659 0.035394
0.11176 0.034108 0.027042 0.021551 0.69558 0.015407 0.015407 0.023367 0.055783
0.011984 0.060126 0.0085761 0.0086243 0.882 0.0033953 0.0033953 0.0071182 0.014785
0.0092183 0.045157 0.00789 0.0075408 0.90292 0.0030186 0.0030186 0.0061396 0.015097
0.0061399 0.0086303 0.0046772 0.0042249 0.95749 0.0017761 0.0017761 0.0041785 0.011105
0.012853 0.078357 0.011491 0.014384 0.84459 0.0043402 0.0043402 0.0090798 0.020563
0.011996 0.84644 0.010666 0.010643 0.08384 0.0041616 0.0041616 0.0084911 0.019601
0.006802 0.025386 0.0059107 0.0050817 0.93888 0.0021512 0.0021512 0.0044049 0.0092303
0.0099801 0.04029 0.0079094 0.0079942 0.90711 0.0029914 0.0029914 0.0061375 0.014593
0.007386 0.0097503 0.0071028 0.0065646 0.93824 0.0048068 0.0048068 0.0064495 0.014897
0.0096095 0.011676 0.0094974 0.0089597 0.91607 0.0089453 0.0089453 0.0096284 0.016665
0.0159 0.16165 0.011945 0.011124 0.76073 0.004697 0.004697 0.0092186 0.020043
0.012572 0.020799 0.011783 0.01096 0.89336 0.01089 0.01089 0.01168 0.017064
0.0087932 0.051492 0.008038 0.0082212 0.89461 0.0030157 0.0030157 0.005891 0.016926
0.0063425 0.010843 0.0057311 0.0051243 0.94574 0.0021626 0.0021626 0.0058771 0.016018
0.017074 0.3672 0.016358 0.016188 0.53041 0.0084159 0.0084159 0.013079 0.022856
0.0052363 0.012738 0.004822 0.0042739 0.95422 0.001813 0.001813 0.003591 0.01149
0.02057 0.3683 0.018252 0.029733 0.50014 0.0070143 0.0070143 0.014335 0.034642
0.0050681 0.0084103 0.0042301 0.0037973 0.96281 0.0015988 0.0015988 0.0036819 0.0088004
0.0048311 0.01228 0.0044635 0.003905 0.96 0.0016225 0.0016225 0.0033919 0.0078819
0.0059335 0.016131 0.0055444 0.0051243 0.94677 0.0020489 0.0020489 0.0041051 0.012293
0.0074369 0.92805 0.007035 0.0067745 0.028286 0.0026259 0.0026259 0.0051523 0.012012
0.016059 0.30364 0.014273 0.013964 0.60338 0.0055129 0.0055129 0.010891 0.026766
0.0052046 0.010189 0.0047163 0.0042938 0.95731 0.0017795 0.0017795 0.003969 0.010756
0.006311 0.011511 0.0046455 0.0043866 0.95606 0.0018051 0.0018051 0.0040874 0.0093872
0.0074243 0.021294 0.0061245 0.0054658 0.93869 0.0022855 0.0022855 0.0048332 0.011594
0.0076798 0.92174 0.0069165 0.0066829 0.033357 0.0026722 0.0026722 0.005475 0.012804
0.0066207 0.93984 0.0061789 0.0060153 0.020837 0.0023114 0.0023114 0.0046138 0.011271
0.010058 0.89095 0.0093217 0.0087903 0.052668 0.0033155 0.0033155 0.0065048 0.015073
0.0072462 0.011434 0.00709 0.0058479 0.9353 0.0024113 0.0024113 0.0062318 0.022028
0.0062068 0.013449 0.005599 0.0061807 0.94815 0.0020807 0.0020807 0.0041183 0.01213
0.0063013 0.011667 0.0053697 0.0049375 0.94705 0.0020673 0.0020673 0.0044715 0.016066
0.0072798 0.011513 0.0056714 0.0052287 0.94535 0.0021858 0.0021858 0.0050726 0.015509
0.029848 0.20243 0.029578 0.024803 0.59322 0.0084907 0.0084907 0.018721 0.084422
0.0071817 0.011887 0.007002 0.006626 0.93508 0.0024591 0.0024591 0.0065434 0.020759
0.014545 0.78207 0.012759 0.011634 0.13525 0.0049204 0.0049204 0.010225 0.023685
0.0046365 0.0095721 0.0043331 0.0038482 0.96178 0.0016029 0.0016029 0.0033769 0.0092446
0.0049558 0.009146 0.0041868 0.0037814 0.96215 0.0016038 0.0016038 0.0036404 0.00893
0.0073719 0.020021 0.0057949 0.0055219 0.94061 0.0022134 0.0022134 0.0046221 0.011635
0.0082027 0.91114 0.0074361 0.0069651 0.039744 0.0028829 0.0028829 0.0060842 0.014662
0.0058931 0.011418 0.0052975 0.0045736 0.95391 0.0019093 0.0019093 0.0048223 0.010269
0.005293 0.010619 0.0044407 0.0042754 0.95606 0.0018051 0.0018051 0.0039396 0.011764
0.0075606 0.013918 0.0065179 0.0060547 0.93375 0.0025596 0.0025596 0.0077406 0.019335
0.013282 0.03485 0.010564 0.0094093 0.88597 0.0038678 0.0038678 0.0086421 0.029547
0.01977 0.38443 0.016195 0.01617 0.50987 0.0060441 0.0060441 0.012166 0.029308
0.0067702 0.011042 0.0075911 0.0060744 0.93697 0.0023595 0.0023595 0.0056074 0.021224
0.0051447 0.0082481 0.004893 0.0041075 0.95779 0.0017328 0.0017328 0.0041576 0.012196
0.0070588 0.012618 0.0077345 0.0056309 0.94164 0.0023637 0.0023637 0.0059113 0.014684
0.0052684 0.0096056 0.0048828 0.00421 0.95796 0.0017615 0.0017615 0.0039577 0.010594
0.0070699 0.013658 0.006381 0.0054474 0.94088 0.0023016 0.0023016 0.0052555 0.016706
0.014547 0.16144 0.013656 0.013137 0.74798 0.0050231 0.0050231 0.010124 0.029067
0.0058774 0.012019 0.0051309 0.0047416 0.95082 0.0020374 0.0020374 0.0042661 0.01307
0.01365 0.025905 0.013688 0.012482 0.87595 0.012501 0.012501 0.01337 0.019947
0.012732 0.074107 0.0092747 0.0093277 0.86484 0.0035517 0.0035517 0.0070116 0.015605
0.0041387 0.0063724 0.0035909 0.0032207 0.96902 0.0013593 0.0013593 0.0028889 0.008048
0.019079 0.71912 0.019526 0.019655 0.1608 0.0064259 0.0064259 0.013659 0.035315
0.023658 0.048385 0.023191 0.021781 0.76419 0.020678 0.020678 0.029526 0.047917
0.010481 0.01916 0.0092935 0.008613 0.88412 0.0040484 0.0040484 0.0083885 0.051846
0.0054286 0.010894 0.0047133 0.0045183 0.95543 0.0021795 0.0021795 0.004187 0.010468
0.0090554 0.011006 0.0090664 0.008842 0.9167 0.0088479 0.0088479 0.010081 0.01755
0.028187 0.12814 0.025765 0.029228 0.6644 0.024418 0.024418 0.026158 0.049278
